Begin points for frame 0
37 12
38 13
39 14
39 15
40 16
40 17
41 18
42 18
43 19
42 20
41 20
40 20
39 19
38 18
37 17
36 16
35 16
34 16
33 15
32 15
31 15
30 16
29 16
28 16
27 16
26 15
27 14
28 14
29 13
28 13
27 13
26 14
25 14
24 14
23 14
22 14
21 15
20 15
19 15
18 15
17 15
16 16
15 16
15 17
15 18
16 19
16 20
16 21
16 22
16 23
15 24
16 25
16 26
16 27
16 28
17 29
17 30
18 30
19 31
20 31
21 32
22 32
23 33
24 33
25 33
26 33
27 33
28 33
29 33
30 33
31 33
32 33
33 33
34 33
35 33
36 32
37 32
38 32
39 32
40 32
41 32
42 32
43 32
44 32
45 32
45 31
44 30
44 29
44 28
43 27
43 26
43 25
43 24
43 23
42 24
41 23
41 22
42 21
43 21
44 21
44 20
44 19
43 18
42 17
42 16
41 15
40 14
39 13
38 13
End points for frame 0
Begin points for frame 1
37 12
38 13
38 14
39 15
40 16
40 17
41 18
42 18
43 19
42 20
41 20
40 20
39 19
38 18
37 17
36 16
35 16
34 16
33 15
32 15
31 15
30 15
29 16
28 15
28 14
29 13
28 13
27 13
26 14
25 14
24 14
23 14
22 14
21 15
20 15
19 15
18 15
17 15
16 16
15 16
15 17
15 18
16 19
16 20
16 21
16 22
16 23
15 24
16 25
16 26
16 27
16 28
16 29
17 30
18 30
19 31
20 31
21 32
22 32
23 33
24 33
25 33
26 33
27 33
28 33
29 33
30 33
31 33
32 33
33 33
34 33
35 33
36 32
37 32
38 32
39 32
40 32
41 32
42 32
43 32
44 32
45 32
45 31
44 30
44 29
44 28
43 27
43 26
42 25
42 24
43 23
42 24
41 23
41 22
42 21
43 21
44 21
44 20
44 19
43 18
42 17
42 16
41 15
40 14
39 13
38 13
End points for frame 1
Begin points for frame 2
37 12
38 13
38 14
38 15
39 16
40 17
41 18
42 18
43 19
42 20
41 20
40 21
39 20
39 19
38 18
37 17
36 16
35 16
34 16
33 15
32 15
31 15
30 15
29 16
28 15
28 14
29 13
28 13
27 13
26 14
25 14
24 14
23 14
22 14
21 15
20 15
19 15
18 15
17 15
16 16
15 16
15 17
15 18
16 19
16 20
16 21
16 22
16 23
15 24
15 25
16 26
16 27
16 28
16 29
17 30
18 30
19 31
20 31
21 32
22 32
23 33
24 33
25 33
26 33
27 33
28 33
29 33
30 33
31 33
32 33
33 33
34 33
35 33
36 32
37 32
38 32
39 32
40 32
41 32
42 32
43 32
44 32
45 32
44 31
44 30
44 29
43 28
43 27
43 26
42 25
42 24
41 23
41 22
42 21
43 21
44 21
44 20
44 19
43 18
42 17
42 16
41 15
40 14
39 13
38 13
End points for frame 2
Begin points for frame 3
37 12
38 13
38 14
38 15
39 16
40 17
41 18
42 18
43 19
42 20
41 20
40 21
39 20
39 19
38 18
37 17
36 16
35 16
34 16
33 15
32 15
31 15
30 15
29 16
28 15
28 14
29 13
28 13
27 13
26 14
25 14
24 14
23 14
22 14
21 15
20 15
19 15
18 15
17 15
16 16
15 16
15 17
15 18
16 19
16 20
16 21
16 22
16 23
15 24
16 25
16 26
16 27
16 28
17 29
17 30
18 30
19 31
20 31
21 32
22 32
23 33
24 33
25 33
26 33
27 33
28 33
29 33
30 33
31 33
32 33
33 33
34 33
35 33
36 32
37 32
38 32
39 32
40 32
41 32
42 32
43 32
44 32
44 31
44 30
44 29
43 28
43 27
43 26
42 25
42 24
41 23
41 22
42 21
43 21
44 21
44 20
44 19
43 18
42 17
42 16
41 15
40 14
39 13
38 13
End points for frame 3
Begin points for frame 4
37 12
38 13
38 14
38 15
39 16
40 17
41 18
42 19
42 20
41 21
40 21
39 20
39 19
38 18
37 17
36 16
35 16
34 16
33 15
32 15
31 15
30 15
29 16
28 15
28 14
29 13
28 13
27 13
26 14
25 14
24 14
23 14
22 14
21 15
20 15
19 15
18 15
17 15
16 16
15 16
15 17
15 18
16 19
16 20
16 21
16 22
16 23
15 24
16 25
16 26
16 27
16 28
17 29
17 30
18 30
19 31
20 31
21 32
22 32
23 33
24 33
25 33
26 33
27 33
28 33
29 33
30 33
31 33
32 33
33 33
34 33
35 33
36 32
37 32
38 32
39 32
40 32
41 32
42 32
43 32
44 32
44 31
44 30
44 29
43 28
43 27
43 26
42 25
42 24
41 23
41 22
42 21
43 21
44 21
44 20
44 19
43 18
42 17
42 16
41 15
40 14
39 13
38 13
End points for frame 4
Begin points for frame 5
37 12
38 13
38 14
38 15
39 16
40 17
41 18
42 19
42 20
41 21
40 21
39 20
39 19
38 18
37 17
36 16
35 16
34 16
33 15
32 15
31 15
30 15
29 16
28 15
28 14
29 13
28 13
27 13
26 14
25 14
24 14
23 14
22 14
21 15
20 15
19 15
18 15
17 15
16 16
15 16
15 17
15 18
16 19
16 20
16 21
16 22
16 23
15 24
16 25
16 26
16 27
16 28
17 29
17 30
18 30
19 31
20 31
21 32
22 32
23 33
24 33
25 33
26 33
27 33
28 33
29 33
30 33
31 33
32 33
33 33
34 33
35 33
36 32
37 32
38 32
39 32
40 32
41 32
42 32
43 32
44 32
44 31
44 30
44 29
43 28
43 27
43 26
42 25
42 24
41 23
41 22
42 21
43 21
44 21
44 20
44 19
43 18
42 17
42 16
41 15
40 14
39 13
38 13
End points for frame 5
Begin points for frame 6
37 12
38 13
39 14
39 15
39 16
40 17
41 18
42 19
42 20
41 21
40 21
39 20
39 19
38 18
37 17
36 16
35 16
34 16
33 15
32 15
31 15
30 15
29 16
28 15
28 14
29 13
28 13
27 13
26 14
25 14
24 14
23 14
22 14
21 15
20 15
19 15
18 15
17 15
16 16
15 16
15 17
15 18
16 19
16 20
16 21
16 22
16 23
15 24
16 25
16 26
16 27
16 28
17 29
17 30
18 30
19 31
20 31
21 32
22 32
23 33
24 33
25 33
26 33
27 33
28 33
29 33
30 33
31 33
32 33
33 33
34 33
35 33
36 32
37 32
38 32
39 32
40 32
41 32
42 32
43 32
44 31
44 30
44 29
43 28
43 27
43 26
42 25
42 24
41 23
41 22
42 21
43 21
44 21
44 20
44 19
43 18
42 17
42 16
41 15
40 14
39 13
38 13
End points for frame 6
Begin points for frame 7
37 12
38 13
39 14
39 15
39 16
40 17
41 18
42 19
42 20
41 21
40 21
39 20
39 19
38 18
37 17
36 16
35 16
34 16
33 15
32 15
31 15
30 15
29 16
28 15
28 14
29 13
28 13
27 13
26 14
25 14
24 14
23 14
22 14
21 15
20 15
19 15
18 15
17 15
16 16
15 16
15 17
15 18
16 19
16 20
16 21
16 22
16 23
15 24
16 25
16 26
16 27
16 28
17 29
17 30
18 30
19 31
20 31
21 32
22 32
23 33
24 33
25 33
26 33
27 33
28 33
29 33
30 33
31 33
32 33
33 33
34 33
35 33
36 32
37 32
38 32
39 32
40 32
41 32
42 32
43 32
43 31
44 30
44 29
43 28
43 27
43 26
42 25
42 24
41 23
41 22
42 21
43 21
44 21
44 20
44 19
43 18
42 17
42 16
41 15
40 14
39 13
38 13
End points for frame 7
Begin points for frame 8
37 12
38 13
39 14
39 15
39 16
40 17
41 18
42 19
42 20
41 21
40 21
39 20
39 19
38 18
37 17
36 16
35 16
34 16
33 15
32 15
31 15
30 15
29 16
28 15
28 14
29 13
28 13
27 13
26 14
25 14
24 14
23 14
22 14
21 15
20 15
19 15
18 15
17 15
16 16
15 16
15 17
15 18
16 19
16 20
16 21
16 22
16 23
15 24
16 25
16 26
16 27
16 28
17 29
17 30
18 30
19 31
20 31
21 32
22 32
23 33
24 33
25 33
26 33
27 33
28 33
29 33
30 33
31 33
32 33
33 33
34 33
35 33
36 32
37 32
38 32
39 32
40 32
41 32
42 32
43 32
43 31
43 30
44 29
43 28
43 27
43 26
42 25
42 24
41 23
41 22
42 21
43 21
44 21
44 20
44 19
43 18
42 17
42 16
41 15
40 14
39 13
38 13
End points for frame 8
Begin points for frame 9
27 13
26 14
25 14
24 14
23 14
22 14
21 15
20 15
19 15
18 15
17 15
16 16
15 16
15 17
15 18
16 19
16 20
16 21
16 22
16 23
16 24
16 25
16 26
16 27
17 28
17 29
17 30
18 30
19 31
20 31
21 32
22 32
23 33
24 33
25 33
26 33
27 33
28 33
29 33
30 33
31 33
32 33
33 33
34 33
35 33
36 32
37 32
38 32
39 32
40 32
41 32
42 32
43 32
43 31
43 30
44 29
43 28
43 27
43 26
42 25
42 24
41 23
41 22
42 21
43 21
44 21
44 20
44 19
43 18
42 17
42 16
41 15
40 14
39 13
39 14
39 15
39 16
40 17
41 18
42 19
42 20
41 21
40 21
39 20
39 19
38 18
37 17
36 16
35 16
34 16
33 15
32 15
31 15
30 15
29 16
28 15
28 14
29 13
28 13
End points for frame 9
Begin points for frame 10
27 13
26 14
25 14
24 14
23 14
22 14
21 15
20 15
19 15
18 15
17 15
16 16
15 16
15 17
15 18
16 19
16 20
16 21
16 22
16 23
16 24
16 25
16 26
16 27
17 28
17 29
17 30
18 30
19 31
20 31
21 32
22 32
23 33
24 33
25 33
26 33
27 33
28 33
29 33
30 33
31 33
32 33
33 33
34 33
35 33
36 32
37 32
38 32
39 32
40 32
41 32
42 32
43 32
43 31
43 30
43 29
43 28
43 27
43 26
42 25
41 24
40 23
41 22
42 21
43 21
44 21
44 20
44 19
43 18
42 17
42 16
41 15
40 14
39 13
39 14
39 15
39 16
40 17
41 18
42 18
43 19
42 20
41 21
40 21
39 20
39 19
38 18
37 17
36 17
35 16
34 16
33 15
32 15
31 15
30 15
29 16
28 15
28 14
29 13
28 13
End points for frame 10
Begin points for frame 11
27 13
26 14
25 14
24 14
23 14
22 14
21 15
20 15
19 15
18 15
17 15
16 16
15 16
15 17
15 18
16 19
17 20
16 21
16 22
16 23
16 24
16 25
16 26
16 27
17 28
17 29
17 30
18 30
19 31
20 31
21 32
22 32
23 33
24 33
25 33
26 33
27 33
28 33
29 33
30 33
31 33
32 33
33 33
34 33
35 33
36 32
37 32
38 32
39 32
40 32
41 32
42 32
43 32
43 31
43 30
44 29
43 28
43 27
43 26
42 25
41 24
41 23
41 22
42 21
43 21
44 21
44 20
44 19
43 18
42 17
42 16
41 15
40 14
39 13
39 14
39 15
39 16
40 17
41 18
42 18
43 19
42 20
41 21
40 21
39 20
39 19
38 18
37 17
36 17
35 16
34 16
33 15
32 15
31 15
30 15
29 16
28 15
28 14
29 13
28 13
End points for frame 11
Begin points for frame 12
36 12
37 12
38 13
39 14
39 15
40 16
40 17
41 18
42 19
42 20
41 21
40 21
39 20
39 19
38 18
37 17
36 17
35 16
34 16
33 15
32 15
31 15
30 15
29 16
28 15
28 14
29 13
28 13
27 13
26 14
25 14
24 14
23 14
22 14
21 15
20 15
19 15
18 15
17 15
16 16
15 16
15 17
15 18
16 19
17 20
17 21
16 22
16 23
16 24
16 25
16 26
16 27
17 28
17 29
17 30
18 30
19 31
20 31
21 32
22 32
23 33
24 33
25 33
26 33
27 33
28 33
29 33
30 33
31 33
32 33
33 33
34 33
35 33
36 32
37 32
38 32
39 32
40 32
41 32
42 32
43 32
43 31
43 30
43 29
43 28
43 27
43 26
42 25
42 24
41 24
40 23
41 22
42 21
43 21
44 21
44 20
44 19
43 18
42 17
42 16
41 15
40 14
39 13
38 13
37 12
End points for frame 12
Begin points for frame 13
37 12
38 13
39 14
39 15
40 16
40 17
41 18
42 19
42 20
41 21
40 21
39 20
39 19
38 18
37 17
36 17
35 16
34 16
33 15
32 15
31 15
30 15
29 16
28 15
28 14
29 13
28 13
27 13
26 14
25 14
24 14
23 14
22 14
21 15
20 15
19 15
18 15
17 15
16 16
15 16
15 17
15 18
16 19
17 20
17 21
16 22
16 23
16 24
16 25
16 26
16 27
17 28
17 29
17 30
18 30
19 31
20 31
21 32
22 32
23 33
24 33
25 33
26 33
27 33
28 33
29 33
30 33
31 33
32 33
33 33
34 33
35 33
36 32
37 32
38 32
39 32
40 32
41 32
42 32
43 32
43 31
43 30
43 29
43 28
43 27
43 26
42 25
42 24
41 24
40 23
41 22
42 21
43 21
44 21
44 20
44 19
43 18
42 17
42 16
41 15
40 14
39 13
38 13
End points for frame 13
Begin points for frame 14
36 12
37 12
38 13
39 14
40 15
40 16
40 17
41 18
42 18
43 19
42 20
41 21
40 21
39 20
39 19
38 18
37 17
36 17
35 16
34 16
33 15
32 15
31 15
30 15
29 16
28 15
28 14
29 13
28 13
27 13
26 14
25 14
24 14
23 14
22 14
21 15
20 15
19 15
18 15
17 15
16 16
15 17
15 18
16 19
17 20
17 21
16 22
16 23
16 24
16 25
16 26
16 27
17 28
17 29
17 30
18 30
19 31
20 31
21 32
22 32
23 33
24 33
25 33
26 33
27 33
28 33
29 33
30 33
31 33
32 33
33 33
34 33
35 33
36 32
37 32
38 32
39 32
40 32
41 32
42 32
43 32
44 32
43 31
43 30
43 29
43 28
43 27
43 26
42 25
42 24
41 24
40 23
41 22
42 21
43 21
44 21
44 20
44 19
43 18
42 17
42 16
41 15
40 14
39 13
38 13
37 12
End points for frame 14
Begin points for frame 15
36 12
37 12
38 13
39 14
40 15
40 16
40 17
41 18
42 18
43 19
42 20
41 21
40 21
39 20
39 19
38 18
37 17
36 17
35 16
34 16
33 15
32 15
31 15
30 15
29 16
28 15
28 14
29 13
28 13
27 13
26 14
25 14
24 14
23 14
22 14
21 15
20 15
19 15
18 15
17 15
16 16
15 17
15 18
16 19
17 20
17 21
16 22
16 23
16 24
16 25
16 26
16 27
17 28
17 29
17 30
18 30
19 31
20 31
21 32
22 32
23 33
24 33
25 33
26 33
27 33
28 33
29 33
30 33
31 33
32 33
33 33
34 33
35 33
36 32
37 32
38 32
39 32
40 32
41 32
42 32
43 32
43 31
43 30
43 29
43 28
43 27
43 26
42 25
42 24
41 24
40 23
41 22
42 21
43 21
44 21
44 20
44 19
43 18
42 17
42 16
41 15
40 14
39 13
38 13
37 12
End points for frame 15
Begin points for frame 16
36 12
37 12
38 13
39 14
40 15
40 16
40 17
41 18
42 18
43 19
42 20
41 21
40 21
39 20
39 19
38 18
37 17
36 17
35 16
34 16
33 15
32 15
31 15
30 15
29 16
28 15
28 14
29 13
28 13
27 13
26 14
25 14
24 14
23 14
22 14
21 15
20 15
19 15
18 15
17 15
16 16
15 16
15 17
15 18
16 19
17 20
17 21
16 22
16 23
16 24
16 25
16 26
16 27
17 28
17 29
17 30
18 30
19 31
20 31
21 32
22 32
23 33
24 33
25 33
26 33
27 33
28 33
29 33
30 33
31 33
32 33
33 33
34 33
35 33
36 32
37 32
38 32
39 32
40 32
41 32
42 32
43 32
43 31
43 30
43 29
43 28
43 27
43 26
42 25
42 24
41 24
40 23
41 22
42 21
43 21
44 21
44 20
44 19
43 18
42 17
42 16
41 15
40 14
39 13
38 13
37 12
End points for frame 16
Begin points for frame 17
36 12
37 12
38 13
39 14
40 15
40 16
40 17
41 18
42 19
42 20
41 21
40 21
39 20
39 19
38 18
37 17
36 16
35 16
34 16
33 15
32 15
31 15
30 15
29 16
28 15
28 14
29 13
28 13
27 13
26 14
25 14
24 14
23 14
22 14
21 15
20 15
19 15
18 15
17 15
16 16
15 16
15 17
15 18
16 19
17 20
17 21
16 22
16 23
16 24
16 25
16 26
16 27
17 28
17 29
17 30
18 30
19 31
20 31
21 32
22 32
23 33
24 33
25 33
26 33
27 33
28 33
29 33
30 33
31 33
32 33
33 33
34 33
35 33
36 32
37 32
38 32
39 32
40 32
41 32
42 32
43 32
43 31
43 30
43 29
43 28
43 27
43 26
42 25
42 24
41 24
40 23
41 22
42 21
43 21
44 21
44 20
44 19
43 18
42 17
42 16
41 15
40 14
39 13
38 13
37 12
End points for frame 17
Begin points for frame 18
36 12
37 12
38 13
39 14
40 15
40 16
40 17
41 18
42 19
41 20
40 21
39 20
39 19
38 18
37 17
36 16
35 16
34 16
33 15
32 15
31 15
30 15
29 16
28 15
28 14
29 13
28 13
27 13
26 14
25 14
24 14
23 14
22 14
21 15
20 15
19 15
18 15
17 15
16 16
15 16
15 17
15 18
16 19
17 20
17 21
16 22
16 23
16 24
16 25
16 26
16 27
17 28
17 29
17 30
18 30
19 31
20 31
21 32
22 32
23 33
24 33
25 33
26 33
27 33
28 33
29 33
30 33
31 33
32 33
33 33
34 33
35 33
36 32
37 32
38 32
39 32
40 32
41 32
42 32
43 32
43 31
43 30
43 29
43 28
43 27
43 26
42 25
42 24
41 24
40 23
41 22
42 21
43 21
44 21
44 20
44 19
43 18
42 17
42 16
41 15
40 14
39 13
38 13
37 12
End points for frame 18
Begin points for frame 19
27 13
26 14
25 14
24 14
23 14
22 14
21 15
20 15
19 15
18 15
17 15
16 16
15 16
15 17
15 18
16 19
17 20
17 21
16 22
16 23
16 24
16 25
16 26
16 27
17 28
17 29
17 30
18 30
19 31
20 31
21 32
22 32
23 33
24 33
25 33
26 33
27 33
28 33
29 33
30 33
31 33
32 33
33 33
34 33
35 33
36 32
37 32
38 32
39 32
40 32
41 32
42 32
43 32
43 31
43 30
43 29
43 28
43 27
43 26
42 25
42 24
41 24
40 23
41 22
42 21
43 21
44 21
44 20
44 19
43 18
42 17
42 16
41 15
40 14
39 13
38 13
39 14
40 15
40 16
40 17
41 18
42 19
41 20
40 21
39 20
39 19
38 18
37 17
36 17
35 16
34 16
33 15
32 15
31 15
30 15
29 16
28 15
28 14
29 13
28 13
End points for frame 19
Begin points for frame 20
27 13
26 14
25 14
24 14
23 14
22 14
21 15
20 15
19 15
18 15
17 15
16 16
15 16
15 17
15 18
16 19
17 20
17 21
16 22
16 23
16 24
16 25
16 26
16 27
17 28
17 29
17 30
18 30
19 31
20 31
21 32
22 32
23 33
24 33
25 33
26 33
27 33
28 33
29 33
30 33
31 33
32 33
33 33
34 33
35 33
36 32
37 32
38 32
39 32
40 32
41 32
42 32
43 32
43 31
43 30
43 29
43 28
43 27
43 26
42 25
42 24
41 24
40 23
41 22
42 21
43 21
44 21
44 20
44 19
43 18
42 17
42 16
41 15
40 14
39 13
38 13
39 14
40 15
40 16
40 17
41 18
42 18
43 19
42 20
41 20
40 21
39 20
39 19
38 18
37 17
36 17
35 16
34 16
33 15
32 15
31 15
30 15
29 16
28 15
28 14
29 13
28 13
End points for frame 20
Begin points for frame 21
27 13
26 14
25 14
24 14
23 14
22 14
21 15
20 15
19 15
18 15
17 15
16 16
15 16
15 17
15 18
16 19
16 20
17 21
16 22
16 23
16 24
16 25
16 26
16 27
17 28
17 29
17 30
18 30
19 31
20 31
21 32
22 32
23 33
24 33
25 33
26 33
27 33
28 33
29 33
30 33
31 33
32 33
33 33
34 33
35 33
36 32
37 32
38 32
39 32
40 32
41 32
42 32
43 32
43 31
43 30
43 29
43 28
43 27
43 26
42 25
42 24
41 24
40 23
41 22
42 21
43 21
44 21
44 20
44 19
43 18
42 17
42 16
41 15
40 14
39 13
38 13
39 14
40 15
40 16
40 17
41 18
42 18
43 19
42 20
41 21
40 21
39 20
39 19
38 18
37 17
36 17
35 16
34 16
33 15
32 15
31 15
30 15
29 16
28 15
28 14
29 13
28 13
End points for frame 21
Begin points for frame 22
27 13
26 14
25 14
24 14
23 14
22 14
21 15
20 15
19 15
18 15
17 15
16 16
15 16
15 17
15 18
16 19
16 20
17 21
16 22
16 23
16 24
16 25
16 26
16 27
17 28
17 29
17 30
18 30
19 31
20 31
21 32
22 32
23 33
24 33
25 33
26 33
27 33
28 33
29 33
30 33
31 33
32 33
33 33
34 33
35 33
36 32
37 32
38 32
39 32
40 32
41 32
42 32
43 32
43 31
43 30
43 29
43 28
43 27
43 26
42 25
42 24
41 24
40 23
41 22
42 21
43 21
44 21
44 20
44 19
43 18
42 17
42 16
41 15
40 14
39 13
38 13
39 14
40 15
40 16
40 17
41 18
42 18
43 19
42 20
41 20
40 21
39 20
39 19
38 18
37 17
36 16
35 16
34 16
33 15
32 15
31 15
30 15
29 16
28 15
28 14
29 13
28 13
End points for frame 22
Begin points for frame 23
27 13
26 14
25 14
24 14
23 14
22 14
21 15
20 15
19 15
18 15
17 15
16 16
15 16
15 17
15 18
16 19
16 20
17 21
16 22
16 23
16 24
16 25
16 26
16 27
17 28
17 29
17 30
18 30
19 31
20 31
21 32
22 32
23 33
24 33
25 33
26 33
27 33
28 33
29 33
30 33
31 33
32 33
33 33
34 33
35 33
36 32
37 32
38 32
39 32
40 32
41 32
42 32
43 32
43 31
43 30
43 29
43 28
43 27
43 26
42 25
42 24
41 24
40 23
41 22
42 21
43 21
44 21
44 20
44 19
43 18
42 17
42 16
41 15
40 14
39 13
38 13
39 14
40 15
40 16
40 17
41 18
42 18
43 19
42 20
41 20
40 21
39 20
39 19
38 18
37 17
36 16
35 16
34 16
33 15
32 15
31 15
30 15
29 16
28 15
28 14
29 13
28 13
End points for frame 23
Begin points for frame 24
27 13
26 14
25 14
24 14
23 14
22 14
21 15
20 15
19 15
18 15
17 15
16 16
15 16
15 17
15 18
16 19
17 20
17 21
16 22
16 23
16 24
16 25
16 26
16 27
17 28
17 29
17 30
18 30
19 31
20 31
21 32
22 32
23 33
24 33
25 33
26 33
27 33
28 33
29 33
30 33
31 33
32 33
33 33
34 33
35 33
36 32
37 32
38 32
39 32
40 32
41 32
42 32
43 32
43 31
43 30
44 29
43 28
43 27
43 26
42 25
42 24
41 24
40 23
41 22
42 21
43 21
44 21
44 20
44 19
43 18
42 17
42 16
41 15
40 14
39 13
39 14
40 15
40 16
40 17
41 18
42 18
43 19
42 20
41 20
40 21
39 20
39 19
38 18
37 17
36 16
35 16
34 16
33 15
32 15
31 15
30 16
29 16
28 16
27 15
27 14
28 13
29 13
28 13
End points for frame 24
Begin points for frame 25
27 13
26 14
25 14
24 14
23 14
22 14
21 15
20 15
19 15
18 15
17 15
16 16
15 16
15 17
15 18
16 19
17 20
17 21
16 22
16 23
16 24
16 25
16 26
16 27
17 28
17 29
17 30
18 30
19 31
20 31
21 32
22 32
23 33
24 33
25 33
26 33
27 33
28 33
29 33
30 33
31 33
32 33
33 33
34 33
35 33
36 32
37 32
38 32
39 32
40 32
41 32
42 32
43 32
43 31
43 30
44 29
43 28
43 27
43 26
42 25
42 24
41 24
40 23
41 22
42 21
43 21
44 21
44 20
44 19
43 18
42 17
42 16
41 15
40 14
39 13
39 14
40 15
40 16
40 17
41 18
42 18
43 19
42 20
41 20
40 21
39 20
39 19
38 18
37 17
36 16
35 16
34 16
33 15
32 15
31 15
30 16
29 16
28 16
27 15
27 14
28 13
29 13
28 13
End points for frame 25
Begin points for frame 26
27 13
26 14
25 14
24 14
23 14
22 14
21 15
20 15
19 15
18 15
17 15
16 16
15 17
15 18
16 19
17 20
17 21
16 22
16 23
16 24
16 25
16 26
16 27
17 28
17 29
17 30
18 30
19 31
20 31
21 32
22 32
23 33
24 33
25 33
26 33
27 33
28 33
29 33
30 33
31 33
32 33
33 33
34 33
35 33
36 32
37 32
38 32
39 32
40 32
41 32
42 32
43 32
42 31
43 30
44 29
43 28
43 27
43 26
42 25
41 24
40 23
41 22
42 21
43 21
44 21
44 20
44 19
43 18
42 17
42 16
41 15
40 14
39 13
39 14
40 15
40 16
40 17
41 18
42 18
43 19
42 20
41 20
40 21
39 20
39 19
38 18
37 17
36 16
35 16
34 16
33 15
32 15
31 15
30 16
29 16
28 16
27 15
27 14
28 13
29 13
28 13
End points for frame 26
Begin points for frame 27
27 13
26 14
25 14
24 14
23 14
22 14
21 15
20 15
19 15
18 15
17 15
16 16
15 17
15 18
16 19
17 20
17 21
16 22
16 23
16 24
16 25
16 26
16 27
17 28
17 29
17 30
18 30
19 31
20 31
21 32
22 32
23 33
24 33
25 33
26 33
27 33
28 33
29 33
30 33
31 33
32 33
33 33
34 33
35 33
36 32
37 32
38 32
39 32
40 32
41 32
42 32
43 32
42 31
43 30
43 29
43 28
43 27
43 26
42 25
41 24
40 23
41 22
42 21
43 21
44 21
44 20
44 19
43 18
42 17
42 16
41 15
40 14
39 13
39 14
40 15
40 16
40 17
41 18
42 18
43 19
42 20
41 20
40 21
39 20
39 19
38 18
37 17
36 17
35 16
34 16
33 15
32 15
31 15
30 16
29 16
28 16
27 15
27 14
28 13
29 13
28 13
End points for frame 27
Begin points for frame 28
27 13
26 14
25 14
24 14
23 14
22 14
21 15
20 15
19 15
18 15
17 15
16 16
15 17
15 18
16 19
17 20
17 21
16 22
16 23
16 24
16 25
16 26
16 27
17 28
17 29
17 30
18 30
19 31
20 31
21 32
22 32
23 33
24 33
25 33
26 33
27 33
28 33
29 33
30 33
31 33
32 33
33 33
34 33
35 33
36 32
37 32
38 32
39 32
40 32
41 32
42 32
43 32
42 31
43 30
43 29
43 28
43 27
43 26
42 25
41 24
40 23
41 22
42 21
43 21
44 21
44 20
44 19
43 18
42 17
42 16
41 15
40 14
39 13
39 14
39 15
40 16
40 17
41 18
42 18
43 19
42 20
41 21
40 21
39 20
39 19
38 18
37 17
36 17
35 16
34 16
33 15
32 15
31 15
30 16
29 16
28 16
27 15
27 14
28 13
29 13
28 13
End points for frame 28
Begin points for frame 29
27 13
26 14
25 14
24 14
23 14
22 14
21 15
20 15
19 15
18 15
17 15
16 16
15 17
15 18
16 19
17 20
17 21
16 22
16 23
16 24
16 25
16 26
16 27
17 28
17 29
17 30
18 30
19 31
20 31
21 32
22 32
23 33
24 33
25 33
26 33
27 33
28 33
29 33
30 33
31 33
32 33
33 33
34 33
35 33
36 32
37 32
38 32
39 32
40 32
41 32
42 32
43 32
42 31
43 30
43 29
43 28
43 27
43 26
42 25
41 24
40 23
41 22
42 21
43 21
44 21
44 20
44 19
43 18
42 17
42 16
41 15
40 14
39 13
39 14
40 15
40 16
40 17
41 18
42 18
43 19
42 20
41 21
40 21
39 20
39 19
38 18
37 17
36 16
35 16
34 16
33 15
32 15
31 15
30 16
29 16
28 16
27 16
26 15
27 14
28 13
29 13
28 13
End points for frame 29
Begin points for frame 30
27 13
26 14
25 14
24 14
23 14
22 14
21 15
20 15
19 15
18 15
17 15
16 16
15 17
15 18
16 19
17 20
17 21
16 22
16 23
16 24
16 25
16 26
16 27
17 28
17 29
17 30
18 30
19 31
20 31
21 32
22 32
23 33
24 33
25 33
26 33
27 33
28 33
29 33
30 33
31 33
32 33
33 33
34 33
35 33
36 32
37 32
38 32
39 32
40 32
41 32
42 32
43 32
42 31
43 30
43 29
43 28
43 27
43 26
42 25
41 24
40 23
41 22
42 21
43 21
44 21
44 20
44 19
43 18
42 17
42 16
41 15
40 14
39 13
39 14
40 15
40 16
40 17
41 18
42 18
43 19
42 20
41 20
40 21
39 20
39 19
38 18
37 17
36 16
35 16
34 16
33 15
32 15
31 15
30 16
29 16
28 16
27 16
26 15
27 14
28 13
29 13
28 13
End points for frame 30
Begin points for frame 31
27 13
26 14
25 14
24 14
23 14
22 14
21 15
20 15
19 15
18 15
17 15
16 16
15 17
15 18
16 19
17 20
17 21
16 22
16 23
16 24
16 25
16 26
16 27
17 28
17 29
17 30
18 30
19 31
20 31
21 32
22 32
23 33
24 33
25 33
26 33
27 33
28 33
29 33
30 33
31 33
32 33
33 33
34 33
35 33
36 32
37 32
38 32
39 32
40 32
41 32
42 32
43 32
42 31
43 30
43 29
43 28
43 27
43 26
42 25
41 24
40 23
41 22
42 21
43 21
44 21
44 20
44 19
43 18
42 17
42 16
41 15
40 14
39 13
39 14
40 15
40 16
40 17
41 18
42 18
43 19
42 20
41 20
40 21
39 20
39 19
38 18
37 17
36 16
35 16
34 16
33 15
32 15
31 15
30 16
29 16
28 16
27 16
26 15
27 14
28 13
29 13
28 13
End points for frame 31
Begin points for frame 32
27 13
26 14
25 14
24 14
23 14
22 14
21 15
20 15
19 15
18 15
17 15
16 16
15 17
15 18
16 19
17 20
17 21
16 22
16 23
16 24
16 25
16 26
16 27
17 28
17 29
17 30
18 30
19 31
20 31
21 32
22 32
23 33
24 33
25 33
26 33
27 33
28 33
29 33
30 33
31 33
32 33
33 33
34 33
35 33
36 32
37 32
38 32
39 32
40 32
41 32
42 32
43 32
42 31
43 30
43 29
43 28
43 27
43 26
42 25
41 24
40 23
41 22
42 21
43 21
44 21
44 20
44 19
43 18
42 17
42 16
41 15
40 14
39 13
39 14
40 15
40 16
40 17
41 18
42 18
43 19
42 20
41 20
40 21
39 20
39 19
38 18
37 17
36 16
35 16
34 16
33 15
32 15
31 15
30 16
29 16
28 16
27 16
26 15
27 14
28 13
29 13
28 13
End points for frame 32
Begin points for frame 33
27 13
26 14
25 14
24 14
23 14
22 14
21 15
20 15
19 15
18 15
17 15
16 16
15 17
15 18
16 19
17 20
17 21
16 22
16 23
16 24
16 25
16 26
16 27
17 28
17 29
17 30
18 30
19 31
20 31
21 32
22 32
23 33
24 33
25 33
26 33
27 33
28 33
29 33
30 33
31 33
32 33
33 33
34 33
35 33
36 32
37 32
38 32
39 32
40 32
41 32
42 32
43 32
42 31
43 30
43 29
43 28
43 27
43 26
42 25
42 24
41 24
40 23
41 22
42 21
43 21
44 21
44 20
44 19
43 18
42 17
42 16
41 15
40 14
39 13
39 14
40 15
40 16
40 17
41 18
42 18
43 19
42 20
41 20
40 21
39 20
39 19
38 18
37 17
36 16
35 16
34 16
33 15
32 15
31 15
30 16
29 16
28 16
27 16
26 15
27 14
28 14
29 13
28 13
End points for frame 33
Begin points for frame 34
27 13
26 14
25 14
24 14
23 14
22 14
21 15
20 15
19 15
18 15
17 15
16 16
15 17
15 18
16 19
17 20
17 21
16 22
16 23
16 24
16 25
16 26
16 27
17 28
17 29
17 30
18 30
19 31
20 31
21 32
22 32
23 33
24 33
25 33
26 33
27 33
28 33
29 33
30 33
31 33
32 33
33 33
34 33
35 33
36 32
37 32
38 32
39 32
40 32
41 32
42 32
43 32
42 31
43 30
43 29
43 28
43 27
43 26
42 25
41 24
40 23
41 22
42 21
43 21
44 21
44 20
44 19
43 18
42 17
42 16
41 15
40 14
39 13
39 14
39 15
40 16
40 17
41 18
42 18
43 19
42 20
41 20
40 21
39 20
39 19
38 18
37 17
36 16
35 16
34 16
33 15
32 15
31 15
30 16
29 16
28 15
28 14
29 13
28 13
End points for frame 34
Begin points for frame 35
27 13
26 14
25 14
24 14
23 14
22 14
21 15
20 15
19 15
18 15
17 15
16 16
15 17
15 18
16 19
17 20
17 21
16 22
16 23
16 24
16 25
16 26
16 27
17 28
17 29
17 30
18 30
19 31
20 31
21 32
22 32
23 33
24 33
25 33
26 33
27 33
28 33
29 33
30 33
31 33
32 33
33 33
34 33
35 33
36 32
37 32
38 32
39 32
40 32
41 32
42 32
43 32
42 31
43 30
43 29
43 28
43 27
43 26
42 25
41 24
40 23
41 22
42 21
43 21
44 21
44 20
44 19
43 18
42 17
42 16
41 15
40 14
39 13
39 14
39 15
40 16
40 17
41 18
42 18
43 19
42 20
41 20
40 21
39 20
39 19
38 18
37 17
36 16
35 16
34 16
33 15
32 15
31 15
30 15
29 16
28 15
28 14
29 13
28 13
End points for frame 35
Begin points for frame 36
37 12
38 13
39 14
39 15
40 16
40 17
41 18
42 18
43 19
42 20
41 20
40 21
39 20
39 19
38 18
37 17
36 16
35 16
34 15
33 15
32 15
31 15
30 15
29 16
28 15
28 14
29 13
28 13
27 13
26 14
25 14
24 14
23 14
22 14
21 15
20 15
19 15
18 15
17 15
16 16
15 16
15 17
15 18
16 19
17 20
17 21
16 22
16 23
16 24
16 25
16 26
16 27
17 28
17 29
17 30
18 30
19 31
20 31
21 32
22 32
23 33
24 33
25 33
26 33
27 33
28 33
29 33
30 33
31 33
32 33
33 33
34 33
35 33
36 32
37 32
38 32
39 32
40 32
41 32
42 32
43 32
42 31
43 30
43 29
43 28
43 27
43 26
42 25
41 24
40 23
41 22
42 21
43 21
44 21
44 20
44 19
43 18
42 17
42 16
41 15
40 14
39 13
38 13
End points for frame 36
Begin points for frame 37
27 13
26 14
25 14
24 14
23 14
22 14
21 15
20 15
19 15
18 15
17 15
16 16
15 16
15 17
15 18
16 19
17 20
17 21
16 22
16 23
16 24
16 25
16 26
16 27
17 28
17 29
17 30
18 30
19 31
20 31
21 32
22 32
23 33
24 33
25 33
26 33
27 33
28 33
29 33
30 33
31 33
32 33
33 33
34 33
35 33
36 32
37 32
38 32
39 32
40 32
41 32
42 32
43 32
42 31
43 30
43 29
43 28
43 27
43 26
42 25
41 24
40 23
41 22
42 21
43 21
44 21
44 20
44 19
43 18
42 17
42 16
41 15
40 14
39 13
39 14
39 15
40 16
40 17
41 18
42 18
43 19
42 20
41 20
40 21
39 20
39 19
38 18
37 17
36 16
35 16
34 15
33 15
32 15
31 15
30 15
29 16
28 15
28 14
29 13
28 13
End points for frame 37
Begin points for frame 38
27 13
26 14
25 14
24 14
23 14
22 14
21 15
20 15
19 15
18 15
17 15
16 16
15 16
15 17
15 18
16 19
17 20
17 21
16 22
16 23
16 24
16 25
16 26
16 27
17 28
17 29
17 30
18 30
19 31
20 31
21 32
22 32
23 33
24 33
25 33
26 33
27 33
28 33
29 33
30 33
31 33
32 33
33 33
34 33
35 33
36 32
37 32
38 32
39 32
40 32
41 32
42 32
43 32
42 31
43 30
43 29
43 28
43 27
43 26
42 25
41 24
40 23
41 22
42 21
43 21
44 21
44 20
44 19
43 18
42 17
42 16
41 15
40 14
39 13
38 13
39 14
39 15
40 16
41 17
41 18
42 18
43 19
42 20
41 20
40 21
39 20
39 19
38 18
37 17
36 16
35 16
34 15
33 15
32 15
31 15
30 15
29 16
28 15
28 14
29 13
28 13
End points for frame 38
Begin points for frame 39
27 13
26 14
25 14
24 14
23 14
22 14
21 15
20 15
19 15
18 15
17 15
16 16
15 16
15 17
15 18
16 19
17 20
17 21
16 22
16 23
16 24
16 25
16 26
16 27
17 28
17 29
17 30
18 30
19 31
20 31
21 32
22 32
23 33
24 33
25 33
26 33
27 33
28 33
29 33
30 33
31 33
32 33
33 33
34 33
35 33
36 32
37 32
38 32
39 32
40 32
41 32
42 32
43 32
42 31
43 30
44 30
43 29
43 28
43 27
43 26
42 25
41 24
40 23
41 22
42 21
43 21
44 21
44 20
44 19
43 18
42 17
42 16
41 15
40 14
39 13
38 13
39 14
39 15
40 16
41 17
41 18
42 18
43 19
42 20
41 20
40 21
39 20
39 19
38 18
37 17
36 16
35 16
34 15
33 15
32 15
31 15
30 15
29 16
28 15
28 14
29 13
28 13
End points for frame 39
Begin points for frame 40
27 13
26 14
25 14
24 14
23 14
22 14
21 15
20 15
19 15
18 15
17 15
16 16
15 16
15 17
15 18
16 19
17 20
17 21
16 22
16 23
16 24
16 25
16 26
16 27
17 28
17 29
17 30
18 30
19 31
20 31
21 32
22 32
23 33
24 33
25 33
26 33
27 33
28 33
29 33
30 33
31 33
32 33
33 33
34 33
35 33
36 32
37 32
38 32
39 32
40 32
41 32
42 32
43 32
42 31
43 30
43 29
43 28
43 27
43 26
42 25
41 24
40 23
41 22
42 21
43 21
44 21
44 20
44 19
43 18
42 17
42 16
41 15
40 14
39 13
38 13
39 14
39 15
40 16
41 17
41 18
42 18
43 19
42 20
41 20
40 21
39 20
39 19
38 18
37 17
36 16
35 16
34 15
33 15
32 15
31 15
30 15
29 16
28 15
28 14
29 13
28 13
End points for frame 40
Begin points for frame 41
27 13
26 14
25 14
24 14
23 14
22 14
21 15
20 15
19 15
18 15
17 15
16 16
15 16
15 17
15 18
16 19
17 20
17 21
16 22
16 23
16 24
16 25
16 26
16 27
17 28
17 29
17 30
18 30
19 31
20 31
21 32
22 32
23 33
24 33
25 33
26 33
27 33
28 33
29 33
30 33
31 33
32 33
33 33
34 33
35 33
36 32
37 32
38 32
39 32
40 32
41 32
42 32
43 32
42 31
43 30
43 29
43 28
43 27
43 26
42 25
41 24
40 23
41 22
42 21
43 21
44 21
44 20
44 19
43 18
42 17
42 16
41 15
40 14
39 13
38 13
39 14
39 15
40 16
41 17
41 18
42 18
43 19
42 20
41 21
40 21
39 20
39 19
38 18
37 17
36 16
35 16
34 15
33 15
32 15
31 15
30 15
29 16
28 15
28 14
29 13
28 13
End points for frame 41
Begin points for frame 42
27 13
26 14
25 14
24 14
23 14
22 14
21 15
20 15
19 15
18 15
17 15
16 16
15 16
15 17
15 18
16 19
17 20
17 21
16 22
16 23
16 24
16 25
16 26
16 27
17 28
17 29
17 30
18 30
19 31
20 31
21 32
22 32
23 33
24 33
25 33
26 33
27 33
28 33
29 33
30 33
31 33
32 33
33 33
34 33
35 33
36 32
37 32
38 32
39 32
40 32
41 32
42 32
43 32
42 31
43 30
43 29
43 28
43 27
43 26
42 25
41 24
40 23
41 22
42 21
43 21
44 21
44 20
44 19
43 18
42 17
42 16
41 15
40 14
39 13
38 13
39 14
39 15
40 16
41 17
41 18
42 18
43 19
42 20
41 21
40 21
39 20
39 19
38 18
37 17
36 16
35 16
34 15
33 15
32 15
31 15
30 15
29 16
28 15
28 14
29 13
28 13
End points for frame 42
Begin points for frame 43
27 13
26 14
25 14
24 14
23 14
22 14
21 15
20 15
19 15
18 15
17 15
16 16
15 16
15 17
15 18
16 19
17 20
17 21
16 22
16 23
16 24
16 25
16 26
16 27
17 28
17 29
17 30
18 30
19 31
20 31
21 32
22 32
23 33
24 33
25 33
26 33
27 33
28 33
29 33
30 33
31 33
32 33
33 33
34 33
35 33
36 32
37 32
38 32
39 32
40 32
41 32
42 32
43 32
42 31
43 30
43 29
43 28
43 27
43 26
42 25
41 24
40 23
41 22
42 21
43 21
44 21
44 20
44 19
43 18
42 17
42 16
41 15
40 14
39 13
38 13
39 14
39 15
40 16
40 17
41 18
42 18
43 19
42 20
41 21
40 21
39 20
39 19
38 18
37 17
36 16
35 16
34 15
33 15
32 15
31 15
30 15
29 16
28 15
28 14
29 13
28 13
End points for frame 43
Begin points for frame 44
27 13
26 14
25 14
24 14
23 14
22 14
21 15
20 15
19 15
18 15
17 15
16 16
15 16
15 17
15 18
16 19
17 20
17 21
16 22
16 23
16 24
16 25
16 26
16 27
17 28
17 29
17 30
18 30
19 31
20 31
21 32
22 32
23 33
24 33
25 33
26 33
27 33
28 33
29 33
30 33
31 33
32 33
33 33
34 33
35 33
36 32
37 32
38 32
39 32
40 32
41 32
42 32
43 32
42 31
43 30
43 29
43 28
43 27
43 26
42 25
41 24
40 23
41 22
42 21
43 21
44 21
44 20
44 19
43 18
42 17
42 16
41 15
40 14
39 13
38 13
39 14
39 15
40 16
41 17
41 18
42 18
43 19
42 20
41 21
40 21
39 20
39 19
38 18
37 17
36 16
35 16
34 16
33 15
32 15
31 15
30 15
29 16
28 15
28 14
29 13
28 13
End points for frame 44
Begin points for frame 45
27 13
26 14
25 14
24 14
23 14
22 14
21 15
20 15
19 15
18 15
17 15
16 16
15 17
15 18
16 19
17 20
17 21
16 22
16 23
16 24
16 25
16 26
16 27
17 28
17 29
17 30
18 30
19 31
20 31
21 32
22 32
23 33
24 33
25 33
26 33
27 33
28 33
29 33
30 33
31 33
32 33
33 33
34 33
35 33
36 32
37 32
38 32
39 32
40 32
41 32
42 32
43 32
42 31
43 30
43 29
43 28
43 27
42 26
42 25
41 24
40 23
41 22
42 21
43 21
44 21
44 20
44 19
43 18
42 17
42 16
41 15
40 14
39 13
38 13
39 14
39 15
40 16
40 17
41 18
42 18
43 19
42 20
41 21
40 21
39 20
39 19
38 18
37 17
36 16
35 16
34 16
33 15
32 15
31 15
30 15
29 16
28 15
27 14
28 13
29 13
28 13
End points for frame 45
Begin points for frame 46
27 13
26 14
25 14
24 14
23 14
22 14
21 15
20 15
19 15
18 15
17 15
16 16
15 17
15 18
16 19
17 20
17 21
16 22
16 23
16 24
16 25
16 26
16 27
17 28
17 29
17 30
18 30
19 31
20 31
21 32
22 32
23 33
24 33
25 33
26 33
27 33
28 33
29 33
30 33
31 33
32 33
33 33
34 33
35 33
36 32
37 32
38 32
39 32
40 32
41 32
42 32
43 32
42 31
43 30
43 29
43 28
43 27
42 26
42 25
41 24
40 23
41 22
42 21
43 21
44 21
44 20
44 19
43 18
42 17
42 16
41 15
40 14
39 13
38 13
39 14
39 15
40 16
40 17
41 18
42 18
43 19
42 20
41 21
40 21
39 20
39 19
38 18
37 17
36 16
35 16
34 16
33 15
32 15
31 15
30 15
29 16
28 15
27 14
28 13
29 13
28 13
End points for frame 46
Begin points for frame 47
27 13
26 14
25 14
24 14
23 14
22 14
21 15
20 15
19 15
18 15
17 15
16 16
15 17
15 18
16 19
17 20
17 21
16 22
16 23
16 24
16 25
16 26
17 27
17 28
17 29
17 30
18 30
19 31
20 31
21 32
22 32
23 33
24 33
25 33
26 33
27 33
28 33
29 33
30 33
31 33
32 33
33 33
34 33
35 33
36 32
37 32
38 32
39 32
40 32
41 32
42 32
43 32
42 31
43 30
43 29
43 28
43 27
42 26
42 25
41 24
40 23
40 22
41 21
42 21
43 21
44 21
44 20
44 19
43 18
42 17
42 16
41 15
40 14
39 13
38 13
39 14
39 15
40 16
41 17
41 18
42 18
43 19
42 20
41 21
40 21
39 20
39 19
38 18
37 17
36 16
35 16
34 16
33 15
32 15
31 15
30 15
29 16
28 15
28 14
29 13
28 13
End points for frame 47
Begin points for frame 48
27 13
26 14
25 14
24 14
23 14
22 14
21 15
20 15
19 15
18 15
17 15
16 16
15 17
15 18
16 19
17 20
17 21
16 22
16 23
16 24
16 25
16 26
16 27
17 28
17 29
17 30
18 30
19 31
20 31
21 32
22 32
23 33
24 33
25 33
26 33
27 33
28 33
29 33
30 33
31 33
32 33
33 33
34 33
35 33
36 32
37 32
38 32
39 32
40 32
41 32
42 32
43 32
42 31
43 30
43 29
43 28
43 27
42 26
42 25
41 24
40 23
40 22
41 21
42 21
43 21
44 21
44 20
44 19
43 18
42 17
42 16
41 15
40 14
39 13
39 14
40 15
40 16
41 17
41 18
42 18
43 19
42 20
41 21
40 21
39 20
39 19
38 18
37 17
36 16
35 16
34 16
33 15
32 15
31 15
30 15
29 16
28 15
28 14
29 13
28 13
End points for frame 48
Begin points for frame 49
27 13
26 14
25 14
24 14
23 14
22 14
21 15
20 15
19 15
18 15
17 15
16 16
15 17
15 18
16 19
17 20
17 21
16 22
16 23
16 24
16 25
16 26
16 27
17 28
17 29
17 30
18 30
19 31
20 31
21 32
22 32
23 33
24 33
25 33
26 33
27 33
28 33
29 33
30 33
31 33
32 33
33 33
34 33
35 33
36 32
37 32
38 32
39 32
40 32
41 32
42 32
43 32
42 31
43 30
43 29
43 28
43 27
42 26
42 25
41 24
40 23
40 22
41 21
42 21
43 21
44 21
44 20
44 19
43 18
42 17
42 16
41 15
40 14
39 13
39 14
40 15
40 16
41 17
41 18
42 18
43 19
42 20
41 21
40 21
39 20
39 19
38 18
37 17
36 16
35 16
34 16
33 15
32 15
31 15
30 15
29 16
28 15
28 14
29 13
28 13
End points for frame 49
Begin points for frame 50
27 13
26 14
25 14
24 14
23 14
22 14
21 15
20 15
19 15
18 15
17 15
16 16
15 17
15 18
16 19
17 20
17 21
16 22
16 23
16 24
16 25
16 26
16 27
17 28
17 29
17 30
18 30
19 31
20 31
21 32
22 32
23 33
24 33
25 33
26 33
27 33
28 33
29 33
30 33
31 33
32 33
33 33
34 33
35 33
36 32
37 32
38 32
39 32
40 32
41 32
42 32
43 32
42 31
43 30
43 29
43 28
43 27
42 26
42 25
41 24
40 23
40 22
41 21
42 21
43 21
44 21
44 20
44 19
43 18
42 17
42 16
41 15
40 14
39 13
39 14
40 15
40 16
41 17
41 18
42 18
43 19
42 20
41 21
40 21
39 20
39 19
38 18
37 17
36 16
35 16
34 16
33 15
32 15
31 15
30 15
29 16
28 15
28 14
29 13
28 13
End points for frame 50
Begin points for frame 51
27 13
26 14
25 14
24 14
23 14
22 14
21 15
20 15
19 15
18 15
17 15
16 16
15 17
15 18
16 19
17 20
17 21
16 22
16 23
16 24
16 25
16 26
16 27
17 28
17 29
17 30
18 30
19 31
20 31
21 32
22 32
23 33
24 33
25 33
26 33
27 33
28 33
29 33
30 33
31 33
32 33
33 33
34 33
35 33
36 32
37 32
38 32
39 32
40 32
41 32
42 32
43 32
42 31
43 30
43 29
43 28
43 27
42 26
42 25
41 24
40 23
40 22
41 21
42 21
43 21
44 21
44 20
44 19
43 18
42 17
42 16
41 15
40 14
39 13
39 14
40 15
40 16
41 17
41 18
42 18
43 19
42 20
41 21
40 21
39 20
39 19
38 18
37 17
36 16
35 16
34 16
33 15
32 15
31 15
30 15
29 16
28 15
28 14
29 13
28 13
End points for frame 51
Begin points for frame 52
27 13
26 14
25 14
24 14
23 14
22 14
21 15
20 15
19 15
18 15
17 15
16 16
15 17
15 18
16 19
17 20
17 21
16 22
16 23
16 24
16 25
16 26
16 27
17 28
17 29
17 30
18 30
19 31
20 31
21 32
22 32
23 33
24 33
25 33
26 33
27 33
28 33
29 33
30 33
31 33
32 33
33 33
34 33
35 33
36 32
37 32
38 32
39 32
40 32
41 32
42 32
43 32
42 31
43 30
43 29
43 28
43 27
42 26
42 25
41 24
40 23
40 22
41 21
42 21
43 21
44 21
44 20
44 19
43 18
42 17
42 16
41 15
40 14
39 13
39 14
40 15
40 16
41 17
41 18
42 18
43 19
42 20
41 20
40 21
39 20
39 19
38 18
37 17
36 16
35 16
34 16
33 15
32 15
31 15
30 15
29 16
28 15
27 14
28 13
29 13
28 13
End points for frame 52
Begin points for frame 53
27 13
26 14
25 14
24 14
23 14
22 14
21 15
20 15
19 15
18 15
17 15
16 16
15 17
15 18
16 19
17 20
17 21
16 22
16 23
16 24
16 25
16 26
16 27
17 28
17 29
17 30
18 30
19 31
20 31
21 32
22 32
23 33
24 33
25 33
26 33
27 33
28 33
29 33
30 33
31 33
32 33
33 33
34 33
35 33
36 32
37 32
38 32
39 32
40 32
41 32
42 32
43 32
42 31
43 30
43 29
43 28
43 27
42 26
42 25
41 24
40 23
41 22
42 21
43 21
44 21
44 20
44 19
43 18
42 17
42 16
41 15
40 14
39 13
39 14
40 15
40 16
41 17
41 18
42 18
43 19
42 20
41 21
40 21
39 20
39 19
38 18
37 17
36 16
35 16
34 16
33 15
32 15
31 15
30 15
29 16
28 15
27 14
28 13
29 13
28 13
End points for frame 53
Begin points for frame 54
27 13
26 14
25 14
24 14
23 14
22 14
21 15
20 15
19 15
18 15
17 15
16 16
15 17
15 18
16 19
17 20
17 21
16 22
16 23
16 24
16 25
16 26
16 27
17 28
17 29
17 30
18 30
19 31
20 31
21 32
22 32
23 33
24 33
25 33
26 33
27 33
28 33
29 33
30 33
31 33
32 33
33 33
34 33
35 33
36 32
37 32
38 32
39 32
40 32
41 32
42 32
43 32
42 31
43 30
43 29
43 28
43 27
42 26
42 25
41 24
40 23
41 22
42 21
43 21
44 21
44 20
44 19
43 18
42 17
42 16
41 15
40 14
39 13
39 14
40 15
40 16
41 17
41 18
42 18
43 19
42 20
41 21
40 21
39 20
39 19
38 18
37 17
36 16
35 16
34 16
33 15
32 15
31 15
30 15
29 16
28 15
28 14
29 13
28 13
End points for frame 54
Begin points for frame 55
27 13
26 14
25 14
24 14
23 14
22 14
21 15
20 15
19 15
18 15
17 15
16 16
15 17
15 18
16 19
17 20
17 21
16 22
16 23
16 24
16 25
16 26
16 27
17 28
17 29
17 30
18 30
19 31
20 31
21 32
22 32
23 33
24 33
25 33
26 33
27 33
28 33
29 33
30 33
31 33
32 33
33 33
34 33
35 33
36 32
37 32
38 32
39 32
40 32
41 32
42 32
43 32
42 31
43 30
43 29
43 28
43 27
42 26
42 25
41 24
40 23
41 22
42 21
43 21
44 21
44 20
44 19
43 18
42 17
42 16
41 15
40 14
39 13
39 14
40 15
40 16
41 17
41 18
42 18
43 19
42 20
41 20
40 21
39 20
39 19
38 18
37 17
36 16
35 16
34 16
33 15
32 15
31 15
30 15
29 16
28 15
28 14
29 13
28 13
End points for frame 55
Begin points for frame 56
27 13
26 14
25 14
24 14
23 14
22 14
21 15
20 15
19 15
18 15
17 15
16 16
15 17
15 18
16 19
17 20
17 21
16 22
16 23
16 24
16 25
16 26
16 27
17 28
17 29
17 30
18 30
19 31
20 31
21 32
22 32
23 33
24 33
25 33
26 33
27 33
28 33
29 33
30 33
31 33
32 33
33 33
34 33
35 33
36 32
37 32
38 32
39 32
40 32
41 32
42 32
43 32
42 31
43 30
43 29
43 28
43 27
42 26
42 25
41 24
40 23
41 22
42 21
43 21
44 21
44 20
44 19
43 18
42 17
42 16
41 15
40 14
39 13
39 14
39 15
40 16
41 17
41 18
42 18
43 19
42 20
41 20
40 20
39 19
38 18
37 17
36 16
35 16
34 16
33 15
32 15
31 15
30 15
29 15
28 14
29 13
28 13
End points for frame 56
Begin points for frame 57
27 13
26 14
25 14
24 14
23 14
22 14
21 15
20 15
19 15
18 15
17 15
16 16
15 17
15 18
16 19
17 20
17 21
16 22
16 23
16 24
16 25
16 26
16 27
17 28
17 29
17 30
18 30
19 31
20 31
21 32
22 32
23 33
24 33
25 33
26 33
27 33
28 33
29 33
30 33
31 33
32 33
33 33
34 33
35 33
36 32
37 32
38 32
39 32
40 32
41 32
42 32
43 32
42 31
43 30
43 29
43 28
43 27
43 26
42 25
41 24
40 23
41 22
42 21
43 21
44 21
44 20
44 19
43 18
42 17
42 16
41 15
40 14
39 13
39 14
40 15
40 16
41 17
41 18
42 18
43 19
42 20
41 20
40 20
39 19
38 18
37 17
36 16
35 16
34 16
33 15
32 15
31 15
30 15
29 15
28 15
27 14
28 13
29 13
28 13
End points for frame 57
Begin points for frame 58
27 13
26 14
25 14
24 14
23 14
22 14
21 15
20 15
19 15
18 15
17 15
16 16
15 17
15 18
16 19
17 20
17 21
16 22
16 23
16 24
16 25
16 26
16 27
17 28
17 29
17 30
18 30
19 31
20 31
21 32
22 32
23 33
24 33
25 33
26 33
27 33
28 33
29 33
30 33
31 33
32 33
33 33
34 33
35 33
36 32
37 32
38 32
39 32
40 32
41 32
42 32
43 32
42 31
43 30
43 29
43 28
43 27
43 26
42 25
41 24
40 23
41 22
42 21
43 21
44 21
44 20
44 19
43 18
42 17
42 16
41 15
40 14
39 13
39 14
40 15
40 16
41 17
42 18
43 19
42 20
41 20
40 20
39 19
38 18
37 17
36 16
35 16
34 16
33 15
32 15
31 15
30 15
29 15
28 15
27 14
28 13
29 13
28 13
End points for frame 58
Begin points for frame 59
27 13
26 14
25 14
24 14
23 14
22 14
21 15
20 15
19 15
18 15
17 15
16 16
15 17
16 18
16 19
17 20
17 21
16 22
16 23
16 24
16 25
16 26
17 27
17 28
17 29
17 30
18 30
19 31
20 31
21 32
22 32
23 33
24 33
25 33
26 33
27 33
28 33
29 33
30 33
31 33
32 33
33 33
34 33
35 33
36 32
37 32
38 32
39 32
40 32
41 32
42 32
43 32
42 31
43 30
43 29
43 28
42 27
43 26
42 25
41 24
40 23
41 22
42 21
43 21
44 21
44 20
44 19
43 18
42 17
42 16
41 15
40 14
39 13
39 14
40 15
40 16
41 17
42 18
43 19
42 20
41 20
40 20
39 19
38 18
37 17
36 16
35 16
34 15
33 15
32 15
31 15
30 15
29 15
28 14
29 13
28 13
End points for frame 59
Begin points for frame 60
27 13
26 14
25 14
24 14
23 14
22 14
21 15
20 15
19 15
18 15
17 15
16 16
16 17
16 18
16 19
17 20
17 21
16 22
16 23
16 24
16 25
16 26
17 27
17 28
17 29
17 30
18 30
19 31
20 31
21 32
22 32
23 33
24 33
25 33
26 33
27 33
28 33
29 33
30 33
31 33
32 33
33 33
34 33
35 33
36 32
37 32
38 32
39 32
40 32
41 32
42 32
43 32
42 31
43 30
43 29
43 28
42 27
43 26
42 25
41 24
41 23
41 22
42 21
43 21
44 21
44 20
44 19
43 18
42 17
42 16
41 15
40 14
39 13
39 14
40 15
40 16
41 17
42 18
43 18
44 19
43 20
42 20
41 20
40 20
39 19
38 18
37 17
36 16
35 16
34 15
33 15
32 15
31 15
30 15
29 15
28 14
29 13
28 13
End points for frame 60
Begin points for frame 61
27 13
26 14
25 14
24 14
23 14
22 14
21 15
20 15
19 15
18 15
17 15
16 16
16 17
16 18
16 19
17 20
17 21
16 22
16 23
16 24
16 25
16 26
17 27
17 28
17 29
17 30
18 30
19 31
20 31
21 32
22 32
23 33
24 33
25 33
26 33
27 33
28 33
29 33
30 33
31 33
32 33
33 33
34 33
35 33
36 32
37 32
38 32
39 32
40 32
41 32
42 32
43 32
42 31
43 30
43 29
43 28
42 27
43 26
42 25
41 24
41 23
41 22
42 21
43 21
44 21
44 20
44 19
43 18
42 17
42 16
41 15
40 14
39 13
40 14
40 15
40 16
41 17
42 18
43 18
44 19
43 20
42 20
41 20
40 20
39 19
38 18
37 17
36 16
35 16
34 15
33 15
32 15
31 15
30 15
29 15
28 14
29 13
28 13
End points for frame 61
Begin points for frame 62
27 13
26 14
25 14
24 14
23 14
22 14
21 15
20 15
19 15
18 15
17 15
16 16
16 17
16 18
16 19
17 20
17 21
16 22
16 23
16 24
16 25
16 26
17 27
17 28
17 29
17 30
18 30
19 31
20 31
21 32
22 32
23 33
24 33
25 33
26 33
27 33
28 33
29 33
30 33
31 33
32 33
33 33
34 33
35 33
36 32
37 32
38 32
39 32
40 32
41 32
42 32
43 32
42 31
43 30
43 29
43 28
42 27
43 26
42 25
42 24
41 23
41 22
42 21
43 21
44 21
44 20
44 19
43 18
42 17
42 16
41 15
40 14
39 13
40 14
40 15
40 16
41 17
42 18
43 18
44 19
43 20
42 20
41 20
40 20
39 19
38 18
37 17
36 16
35 16
34 15
33 15
32 15
31 15
30 15
29 15
28 14
29 13
28 13
End points for frame 62
Begin points for frame 63
27 13
26 14
25 14
24 14
23 14
22 14
21 15
20 15
19 15
18 15
17 15
16 16
16 17
16 18
16 19
17 20
17 21
16 22
16 23
16 24
16 25
16 26
17 27
17 28
17 29
17 30
18 30
19 31
20 31
21 32
22 32
23 33
24 33
25 33
26 33
27 33
28 33
29 33
30 33
31 33
32 33
33 33
34 33
35 33
36 32
37 32
38 32
39 32
40 32
41 32
42 32
43 32
42 31
43 30
43 29
43 28
42 27
43 26
42 25
42 24
41 23
41 22
42 21
43 21
44 21
44 20
44 19
43 18
42 17
42 16
41 15
40 14
39 13
40 14
40 15
40 16
41 17
42 18
43 18
44 19
43 20
42 20
41 20
40 20
39 19
38 18
37 17
36 16
35 16
34 15
33 15
32 15
31 15
30 15
29 15
28 14
29 13
28 13
End points for frame 63
Begin points for frame 64
27 13
26 14
25 14
24 14
23 14
22 14
21 15
20 15
19 15
18 15
17 15
16 16
16 17
16 18
16 19
17 20
17 21
17 22
16 23
16 24
16 25
17 26
17 27
17 28
17 29
17 30
18 30
19 31
20 31
21 32
22 32
23 33
24 33
25 33
26 33
27 33
28 33
29 33
30 33
31 33
32 33
33 33
34 33
35 33
36 32
37 32
38 32
39 32
40 32
41 32
42 32
43 32
42 31
43 30
43 29
43 28
42 27
43 26
42 25
42 24
41 23
41 22
42 21
43 21
44 21
44 20
44 19
43 18
42 17
42 16
41 15
40 14
39 13
40 14
40 15
40 16
41 17
42 18
43 18
44 19
43 20
42 20
41 20
40 20
39 19
38 18
37 17
36 16
35 16
34 15
33 15
32 15
31 15
30 15
29 15
28 14
29 13
28 13
End points for frame 64
Begin points for frame 65
27 13
26 14
25 14
24 14
23 14
22 14
21 15
20 15
19 15
18 15
17 15
16 16
16 17
16 18
16 19
17 20
18 21
17 22
16 23
16 24
16 25
16 26
17 27
17 28
17 29
18 30
19 31
20 31
21 32
22 32
23 33
24 33
25 33
26 33
27 33
28 33
29 33
30 33
31 33
32 33
33 33
34 33
35 33
36 32
37 32
38 32
39 32
40 32
41 32
42 32
43 32
42 31
43 30
43 29
43 28
42 27
43 26
42 25
42 24
41 23
41 22
42 21
43 21
44 21
44 20
44 19
43 18
42 17
42 16
41 15
40 14
39 13
40 14
40 15
40 16
41 17
42 18
43 18
44 19
43 20
42 20
41 20
40 20
39 19
38 18
38 17
37 17
36 16
35 16
34 15
33 15
32 15
31 15
30 15
29 15
28 14
29 13
28 13
End points for frame 65
Begin points for frame 66
27 13
26 14
25 14
24 14
23 14
22 14
21 15
20 15
19 15
18 15
17 15
16 16
16 17
16 18
16 19
17 20
17 21
17 22
16 23
16 24
16 25
17 26
17 27
17 28
17 29
18 30
19 31
20 31
21 32
22 32
23 33
24 33
25 33
26 33
27 33
28 33
29 33
30 33
31 33
32 33
33 33
34 33
35 33
36 32
37 32
38 32
39 32
40 32
41 32
42 32
42 31
43 30
43 29
43 28
43 27
43 26
42 25
42 24
41 23
41 22
42 21
43 21
44 21
44 20
44 19
43 18
42 17
42 16
41 15
40 14
39 13
39 14
40 15
40 16
41 17
42 18
43 18
44 19
43 20
42 20
41 20
40 20
39 19
39 18
38 17
37 17
36 16
35 16
34 15
33 15
32 15
31 15
30 15
29 15
28 14
29 13
28 13
End points for frame 66
Begin points for frame 67
27 13
26 14
25 14
24 14
23 14
22 14
21 15
20 15
19 15
18 15
17 15
16 16
16 17
16 18
16 19
17 20
17 21
17 22
17 23
16 24
16 25
17 26
17 27
17 28
17 29
18 30
19 31
20 31
21 32
22 32
23 33
24 33
25 33
26 33
27 33
28 33
29 33
30 33
31 33
32 33
33 33
34 33
35 33
36 32
37 32
38 32
39 32
40 32
41 32
42 32
42 31
43 30
43 29
43 28
43 27
43 26
42 25
42 24
41 23
41 22
42 21
43 21
44 21
44 20
44 19
43 18
42 17
42 16
41 15
40 14
39 13
39 14
40 15
40 16
41 17
42 18
43 18
44 19
43 20
42 20
41 20
40 20
39 19
39 18
38 17
37 17
36 16
35 16
34 15
33 15
32 15
31 15
30 15
29 15
28 14
29 13
28 13
End points for frame 67
Begin points for frame 68
27 13
26 14
25 14
24 14
23 14
22 14
21 15
20 15
19 15
18 15
17 15
16 16
16 17
16 18
16 19
17 20
17 21
17 22
17 23
16 24
16 25
17 26
17 27
17 28
17 29
18 30
19 31
20 31
21 32
22 32
23 33
24 33
25 33
26 33
27 33
28 33
29 33
30 33
31 33
32 33
33 33
34 33
35 33
36 32
37 32
38 32
39 32
40 32
41 32
42 32
42 31
43 30
43 29
43 28
43 27
43 26
42 25
42 24
41 23
40 22
41 21
42 21
43 21
44 21
44 20
44 19
43 18
42 17
42 16
41 15
40 14
39 13
39 14
40 15
40 16
41 17
42 18
43 18
44 19
43 20
42 20
41 20
40 20
39 19
39 18
38 17
37 16
36 16
35 15
34 15
33 15
32 15
31 15
30 15
29 15
28 14
29 13
28 13
End points for frame 68
Begin points for frame 69
27 13
26 14
25 14
24 14
23 14
22 14
21 15
20 15
19 15
18 15
17 15
16 16
16 17
16 18
16 19
17 20
18 21
17 22
17 23
17 24
16 25
17 26
17 27
17 28
17 29
18 30
19 31
20 31
21 32
22 32
23 33
24 33
25 33
26 33
27 33
28 33
29 33
30 33
31 33
32 33
33 33
34 33
35 33
36 32
37 32
38 32
39 32
40 32
41 32
42 32
42 31
43 30
43 29
43 28
43 27
43 26
42 25
42 24
41 23
40 22
41 21
42 21
43 21
44 21
44 20
44 19
43 18
42 17
42 16
41 15
40 14
39 13
39 14
40 15
40 16
41 17
42 18
43 19
42 20
41 20
40 20
39 19
39 18
38 17
37 16
36 16
35 15
34 15
33 15
32 15
31 15
30 15
29 15
28 14
29 13
28 13
End points for frame 69
Begin points for frame 70
27 13
26 14
25 14
24 14
23 14
22 14
21 15
20 15
19 15
18 15
17 15
16 16
16 17
16 18
16 19
17 20
18 21
17 22
17 23
17 24
17 25
17 26
17 27
17 28
18 29
18 30
19 31
20 31
21 32
22 32
23 33
24 33
25 33
26 33
27 33
28 33
29 33
30 33
31 33
32 33
33 33
34 33
35 33
36 32
37 32
38 32
39 32
40 32
41 32
42 32
43 31
43 30
43 29
43 28
42 27
43 26
42 25
42 24
41 23
40 22
41 21
42 21
43 21
44 21
44 20
44 19
43 18
42 17
42 16
41 15
40 14
39 13
39 14
40 15
40 16
41 17
42 18
43 19
42 20
41 20
40 20
39 19
39 18
38 17
37 16
36 16
35 15
34 15
33 15
32 15
31 15
30 15
29 15
28 15
27 14
28 13
29 13
28 13
End points for frame 70
Begin points for frame 71
27 13
26 14
25 14
24 14
23 14
22 14
21 15
20 15
19 15
18 15
17 15
16 16
16 17
16 18
16 19
17 20
18 21
18 22
17 23
17 24
17 25
17 26
17 27
17 28
18 29
18 30
19 31
20 31
21 32
22 32
23 33
24 33
25 33
26 33
27 33
28 33
29 33
30 33
31 33
32 33
33 33
34 33
35 33
36 32
37 32
38 32
39 32
40 32
41 32
42 32
43 31
43 30
43 29
43 28
42 27
43 26
42 25
42 24
41 23
40 22
41 21
42 21
43 21
44 21
44 20
44 19
43 18
42 17
42 16
41 15
40 14
39 13
39 14
40 15
40 16
41 17
42 18
43 19
42 20
41 20
40 20
39 19
39 18
38 17
37 16
36 16
35 15
34 15
33 15
32 15
31 15
30 15
29 15
28 15
27 14
28 13
29 13
28 13
End points for frame 71
Begin points for frame 72
27 13
26 14
25 14
24 14
23 14
22 14
21 15
20 15
19 15
18 15
17 15
16 16
15 17
16 18
16 19
17 20
18 21
19 22
18 23
17 24
17 25
17 26
17 27
17 28
17 29
18 30
19 31
20 31
21 32
22 32
23 33
24 33
25 33
26 33
27 33
28 33
29 33
30 33
31 33
32 33
33 33
34 33
35 33
36 32
37 32
38 32
39 32
40 32
41 32
42 32
43 32
43 31
43 30
43 29
42 28
42 27
42 26
42 25
41 24
41 23
40 22
41 21
42 21
43 21
44 21
44 20
44 19
43 18
42 17
42 16
41 15
40 14
39 13
39 14
40 15
40 16
41 17
42 18
43 19
42 20
41 20
40 20
39 19
39 18
38 17
37 16
36 16
35 15
34 15
33 15
32 15
31 15
30 15
29 16
28 15
28 14
29 13
28 13
End points for frame 72
Begin points for frame 73
27 13
26 14
25 14
24 14
23 14
22 14
21 15
20 15
19 15
18 15
17 15
16 16
16 17
16 18
16 19
17 20
18 21
19 22
18 23
17 24
17 25
16 26
17 27
17 28
17 29
18 30
19 31
20 31
21 32
22 32
23 33
24 33
25 33
26 33
27 33
28 33
29 33
30 33
31 33
32 33
33 33
34 33
35 33
36 32
37 32
38 32
39 32
40 32
41 32
42 32
43 32
43 31
43 30
43 29
42 28
42 27
42 26
42 25
41 24
41 23
40 22
41 21
42 21
43 21
44 21
44 20
44 19
43 18
42 17
42 16
41 15
40 14
39 13
39 14
40 15
40 16
41 17
42 18
43 19
42 20
41 20
40 20
39 19
39 18
38 17
37 16
36 16
35 15
34 15
33 15
32 15
31 15
30 15
29 16
28 15
28 14
29 13
28 13
End points for frame 73
Begin points for frame 74
27 13
26 14
25 14
24 14
23 14
22 14
21 15
20 15
19 15
18 15
17 15
16 16
16 17
16 18
16 19
17 20
18 21
19 21
20 22
19 23
18 23
17 24
17 25
17 26
17 27
17 28
17 29
18 30
19 31
20 31
21 32
22 32
23 33
24 33
25 33
26 33
27 33
28 33
29 33
30 33
31 33
32 33
33 33
34 33
35 33
36 32
37 32
38 32
39 32
40 32
41 32
42 32
43 32
43 31
43 30
43 29
42 28
42 27
42 26
42 25
41 24
41 23
40 22
41 21
42 20
43 21
44 20
44 19
43 18
42 17
42 16
41 15
40 14
39 13
39 14
40 15
41 16
41 17
42 18
42 19
41 20
40 20
39 19
39 18
38 17
37 16
36 16
35 15
34 15
33 15
32 15
31 15
30 15
29 16
28 15
28 14
29 13
28 13
End points for frame 74
Begin points for frame 75
27 13
26 14
25 14
24 14
23 14
22 14
21 15
20 15
19 15
18 15
17 15
16 16
15 17
15 18
16 19
17 20
18 21
19 21
20 22
19 23
18 23
18 24
17 25
17 26
17 27
17 28
17 29
18 30
19 31
20 31
21 32
22 32
23 33
24 33
25 33
26 33
27 33
28 33
29 33
30 33
31 33
32 33
33 33
34 33
35 33
36 32
37 32
38 32
39 32
40 32
41 32
42 32
43 32
43 31
43 30
43 29
42 28
42 27
42 26
42 25
41 24
41 23
40 22
40 21
41 20
42 20
43 21
44 20
44 19
43 18
42 17
42 16
41 15
40 14
39 13
39 14
40 15
41 16
41 17
42 17
43 18
42 19
41 20
40 20
39 19
39 18
38 17
37 16
36 16
35 15
34 15
33 15
32 15
31 15
30 15
29 16
28 15
28 14
29 13
28 13
End points for frame 75
Begin points for frame 76
27 13
26 14
25 14
24 14
23 14
22 14
21 15
20 15
19 15
18 15
17 15
16 16
15 17
15 18
16 19
17 20
18 21
19 21
20 22
21 23
20 24
19 24
18 23
18 24
17 25
17 26
17 27
17 28
17 29
18 30
19 31
20 31
21 32
22 32
23 33
24 33
25 33
26 33
27 33
28 33
29 33
30 33
31 33
32 33
33 33
34 33
35 33
36 32
37 32
38 32
39 32
40 32
41 32
42 32
43 32
43 31
43 30
43 29
42 28
42 27
42 26
42 25
41 24
41 23
40 22
40 21
41 20
42 20
43 21
44 20
44 19
43 18
42 17
42 16
41 15
40 14
39 13
39 14
40 15
41 16
42 17
43 18
42 19
41 20
40 20
39 19
39 18
38 17
37 16
36 16
35 15
34 15
33 15
32 15
31 15
30 15
29 16
28 15
28 14
29 13
28 13
End points for frame 76
Begin points for frame 77
27 13
26 14
25 14
24 14
23 14
22 14
21 15
20 15
19 15
18 15
17 15
16 16
15 17
15 18
16 19
17 20
18 21
19 21
20 22
19 21
20 20
21 20
22 21
22 22
22 23
21 24
20 24
19 24
18 24
17 25
17 26
17 27
17 28
17 29
18 30
19 31
20 31
21 32
22 32
23 33
24 33
25 33
26 33
27 33
28 33
29 33
30 33
31 33
32 33
33 33
34 33
35 33
36 32
37 32
38 32
39 32
40 32
41 32
42 32
43 32
43 31
43 30
43 29
42 28
42 27
42 26
42 25
41 24
40 23
40 22
40 21
41 20
42 20
43 20
44 20
44 19
43 18
42 17
42 16
41 15
40 14
39 13
39 14
40 15
41 16
42 17
43 18
42 19
41 20
40 20
39 19
39 18
38 17
37 17
36 16
35 15
34 15
33 15
32 15
31 15
30 15
29 16
28 16
27 15
28 14
29 13
28 13
End points for frame 77
Begin points for frame 78
27 13
26 14
25 14
24 14
23 14
22 14
21 15
20 15
19 15
18 15
17 15
16 16
15 17
15 18
16 19
17 20
18 21
19 21
20 20
21 20
22 21
22 22
22 23
21 24
20 24
19 24
18 24
18 25
17 26
17 27
17 28
17 29
18 30
19 31
20 31
21 32
22 32
23 33
24 33
25 33
26 33
27 33
28 33
29 33
30 33
31 33
32 33
33 33
34 33
35 33
36 32
37 32
38 32
39 32
40 32
41 32
42 32
42 31
43 30
43 29
42 28
42 27
42 26
42 25
41 24
40 23
40 22
40 21
40 20
39 19
39 18
38 17
37 17
36 16
35 15
34 15
33 15
32 15
31 15
30 16
29 16
28 16
27 15
28 14
29 13
28 13
End points for frame 78
Begin points for frame 79
27 13
26 14
25 14
24 14
23 14
22 14
21 15
20 15
19 15
18 15
17 15
16 16
15 17
15 18
16 19
17 20
18 21
19 21
20 20
21 20
22 20
23 21
23 22
22 23
21 24
20 25
19 24
18 25
17 26
17 27
17 28
17 29
18 30
19 31
20 31
21 32
22 32
23 33
24 33
25 33
26 33
27 33
28 33
29 33
30 33
31 33
32 33
33 33
34 33
35 33
36 32
37 32
38 32
39 32
40 32
41 32
42 32
42 31
43 30
43 29
42 28
42 27
42 26
42 25
41 24
40 23
40 22
40 21
40 20
39 19
39 18
38 17
37 17
36 16
35 16
34 15
33 15
32 15
31 16
30 16
29 16
28 15
28 14
29 13
28 13
End points for frame 79
Begin points for frame 80
27 13
26 14
25 14
24 14
23 14
22 14
21 15
20 15
19 15
18 15
17 15
16 16
15 17
15 18
16 19
17 20
18 20
19 20
20 20
21 19
22 20
23 21
23 22
23 23
22 24
21 25
20 25
19 25
18 25
17 26
17 27
17 28
17 29
18 30
19 31
20 31
21 32
22 32
23 33
24 33
25 33
26 33
27 33
28 33
29 33
30 33
31 33
32 33
33 33
34 33
35 33
36 32
37 32
38 32
39 32
40 32
41 32
42 32
42 31
43 30
43 29
42 28
42 27
42 26
42 25
41 24
40 23
40 22
40 21
40 20
39 19
38 18
38 17
37 17
36 16
35 16
34 15
33 15
32 15
31 16
30 16
29 16
28 15
28 14
29 13
28 13
End points for frame 80
Begin points for frame 81
27 13
26 14
25 14
24 14
23 14
22 14
21 15
20 15
19 15
18 15
17 15
16 16
15 16
15 17
15 18
16 19
17 20
18 20
19 20
20 20
21 19
22 20
23 20
24 21
23 22
23 23
22 24
21 25
20 25
19 25
18 25
17 26
17 27
17 28
18 29
18 30
19 31
20 31
21 32
22 32
23 33
24 33
25 33
26 33
27 33
28 33
29 33
30 33
31 33
32 33
33 33
34 33
35 33
36 32
37 32
38 32
39 32
40 32
41 32
42 32
42 31
42 30
43 29
42 28
42 27
42 26
42 25
41 24
40 23
40 22
40 21
40 20
39 19
39 18
38 17
37 17
36 16
35 16
34 16
33 15
32 15
31 16
30 16
29 16
28 15
28 14
29 13
28 13
End points for frame 81
Begin points for frame 82
27 13
26 14
25 14
24 14
23 14
22 14
21 15
20 15
19 15
18 15
17 15
16 16
15 16
15 17
16 18
16 19
17 20
18 20
19 20
20 20
21 19
22 20
23 20
24 21
23 22
23 23
22 24
21 25
20 25
19 25
18 25
17 26
17 27
17 28
18 29
18 30
19 31
20 31
21 32
22 32
23 33
24 33
25 33
26 33
27 33
28 33
29 33
30 33
31 33
32 33
33 33
34 33
35 33
36 32
37 32
38 32
39 32
40 32
41 32
42 32
42 31
42 30
43 29
42 28
42 27
42 26
41 25
41 24
40 23
40 22
40 21
40 20
39 19
39 18
38 17
37 17
36 16
35 16
34 16
33 15
32 16
31 16
30 16
29 17
28 18
27 17
27 16
27 15
28 14
29 13
28 13
End points for frame 82
Begin points for frame 83
27 13
26 14
25 14
24 14
23 14
22 14
21 15
20 15
19 15
18 15
17 15
16 16
15 16
15 17
16 18
16 19
17 20
18 20
19 20
20 20
21 19
22 20
23 20
24 19
25 19
26 20
25 21
24 22
23 22
23 23
22 24
22 25
21 26
20 25
19 25
18 25
17 26
17 27
17 28
18 29
18 30
19 31
20 31
21 32
22 32
23 33
24 33
25 33
26 33
27 33
28 33
29 33
30 33
31 33
32 33
33 33
34 33
35 33
36 32
37 32
38 32
39 32
40 32
41 32
42 32
43 31
42 30
43 29
43 28
42 27
42 26
41 25
41 24
40 23
40 22
40 21
40 20
39 19
39 18
38 17
37 17
36 16
35 16
34 16
33 16
32 16
31 16
30 16
29 17
28 18
27 17
27 16
27 15
28 14
29 13
28 13
End points for frame 83
Begin points for frame 84
27 13
26 14
25 14
24 14
23 14
22 14
21 15
20 15
19 15
18 15
17 15
16 16
15 17
15 18
16 19
17 20
18 20
19 20
20 20
21 19
22 19
23 20
24 19
25 18
26 18
27 17
28 18
28 19
27 20
26 21
25 21
24 22
23 23
22 24
22 25
22 26
21 27
20 26
20 25
19 25
18 25
17 26
17 27
17 28
18 29
18 30
19 31
20 31
21 32
22 32
23 33
24 33
25 33
26 33
27 33
28 33
29 33
30 33
31 33
32 33
33 33
34 33
35 33
36 32
37 32
38 32
39 32
40 32
41 32
42 32
43 31
42 30
43 29
42 28
42 27
42 26
41 25
41 24
40 23
40 22
40 21
40 20
39 19
38 18
38 17
37 17
36 16
35 16
34 16
33 16
32 16
31 16
30 16
29 17
28 18
27 17
27 16
27 15
27 14
28 13
End points for frame 84
Begin points for frame 85
27 13
26 14
25 14
24 14
23 14
22 14
21 15
20 15
19 15
18 15
17 15
16 16
15 17
15 18
16 19
17 20
18 20
19 20
20 19
21 19
22 19
23 20
24 19
25 18
26 18
27 17
28 18
28 19
27 20
26 21
25 21
24 22
23 23
22 24
22 25
22 26
21 27
20 26
20 25
19 25
18 25
17 26
17 27
17 28
18 29
18 30
19 31
20 31
21 32
22 32
23 33
24 33
25 33
26 33
27 33
28 33
29 33
30 33
31 33
32 33
33 33
34 33
35 33
36 32
37 32
38 32
39 32
40 32
41 32
42 32
43 31
42 30
43 29
42 28
42 27
42 26
41 25
41 24
40 23
40 22
40 21
40 20
39 19
38 18
38 17
37 17
36 16
35 16
34 16
33 16
32 16
31 16
30 16
29 17
28 18
27 17
27 16
27 15
27 14
28 13
End points for frame 85
Begin points for frame 86
27 13
26 14
25 14
24 14
23 14
22 14
21 15
20 15
19 15
18 15
17 15
16 16
15 17
15 18
16 19
17 20
18 20
19 20
20 19
21 19
22 19
23 20
24 19
25 18
26 18
27 17
28 18
28 19
27 20
26 21
25 21
24 22
23 23
22 24
22 25
22 26
21 27
20 26
20 25
19 25
18 25
17 26
17 27
17 28
18 29
18 30
19 31
20 31
21 32
22 32
23 33
24 33
25 33
26 33
27 33
28 33
29 33
30 33
31 33
32 33
33 33
34 33
35 33
36 32
37 32
38 32
39 32
40 32
41 32
42 32
43 31
43 30
43 29
42 28
42 27
42 26
41 25
41 24
40 23
40 22
40 21
40 20
39 19
38 18
38 17
37 17
36 16
35 16
34 16
33 16
32 16
31 16
30 16
29 17
28 18
27 17
27 16
27 15
27 14
28 13
End points for frame 86
Begin points for frame 87
30 16
29 17
29 18
28 19
28 20
27 21
26 21
25 21
24 22
23 23
22 24
22 25
22 26
21 27
20 26
20 25
19 25
18 25
17 26
17 27
17 28
18 29
18 30
19 31
20 31
21 32
22 32
23 33
24 33
25 33
26 33
27 33
28 33
29 33
30 33
31 33
32 33
33 33
34 33
35 33
36 32
37 32
38 32
39 32
40 32
41 32
42 32
42 31
43 30
43 29
42 28
42 27
42 26
41 25
41 24
40 23
40 22
40 21
40 20
39 19
39 18
38 17
37 17
36 16
35 16
34 16
33 16
32 16
31 17
End points for frame 87
Begin points for frame 88
32 16
31 17
30 17
29 17
29 18
28 19
28 20
27 21
26 21
25 21
24 22
23 23
22 24
22 25
22 26
21 27
20 26
20 25
19 25
18 25
17 26
17 27
17 28
18 29
18 30
19 31
20 31
21 32
22 32
23 33
24 33
25 33
26 33
27 33
28 33
29 33
30 33
31 33
32 33
33 33
34 33
35 33
36 32
37 32
38 32
39 32
40 32
41 32
42 32
42 31
43 30
43 29
42 28
42 27
42 26
41 25
41 24
40 23
40 22
40 21
40 20
39 19
39 18
38 17
37 17
36 16
35 16
34 16
33 16
End points for frame 88
Begin points for frame 89
32 16
31 17
30 17
29 18
28 19
28 20
27 21
26 21
25 21
24 22
23 23
22 24
22 25
22 26
21 27
20 26
20 25
19 25
18 25
17 26
17 27
17 28
18 29
18 30
19 31
20 31
21 32
22 32
23 33
24 33
25 33
26 33
27 33
28 33
29 33
30 33
31 33
32 33
33 33
34 33
35 33
36 32
37 32
38 32
39 32
40 32
41 32
42 32
42 31
43 30
43 29
42 28
42 27
42 26
41 25
41 24
40 23
40 22
40 21
40 20
39 19
39 18
38 17
37 17
36 16
35 16
34 16
33 16
End points for frame 89
Begin points for frame 90
32 16
31 17
30 17
29 18
28 19
28 20
27 21
26 21
25 21
24 22
23 23
22 24
22 25
22 26
21 27
20 26
20 25
19 25
18 25
17 26
17 27
17 28
18 29
18 30
19 31
20 31
21 32
22 32
23 33
24 33
25 33
26 33
27 33
28 33
29 33
30 33
31 33
32 33
33 33
34 33
35 33
36 32
37 32
38 32
39 32
40 32
41 32
42 32
42 31
43 30
43 29
42 28
42 27
42 26
41 25
41 24
40 23
40 22
40 21
40 20
39 19
39 18
38 17
37 17
36 16
35 16
34 16
33 16
End points for frame 90
Begin points for frame 91
32 16
31 17
30 17
29 18
28 19
28 20
27 21
26 21
25 21
24 22
23 23
22 24
22 25
22 26
21 27
20 26
20 25
19 25
18 26
17 26
17 27
17 28
18 29
18 30
19 31
20 31
21 32
22 32
23 33
24 33
25 33
26 33
27 33
28 33
29 33
30 33
31 33
32 33
33 33
34 33
35 33
36 32
37 32
38 32
39 32
40 32
41 32
42 32
43 31
43 30
43 29
42 28
42 27
42 26
42 25
41 24
40 23
40 22
40 21
40 20
39 19
39 18
38 17
37 17
36 16
35 16
34 16
33 16
End points for frame 91
Begin points for frame 92
32 16
31 17
30 17
29 18
28 19
28 20
27 21
26 21
25 21
24 22
23 23
22 24
22 25
22 26
21 27
20 26
20 25
19 25
18 25
17 26
17 27
17 28
17 29
18 30
19 31
20 31
21 32
22 32
23 33
24 33
25 33
26 33
27 33
28 33
29 33
30 33
31 33
32 33
33 33
34 33
35 33
36 32
37 32
38 32
39 32
40 32
41 32
42 32
43 31
43 30
43 29
42 28
42 27
42 26
42 25
41 24
40 23
40 22
40 21
40 20
39 19
39 18
38 17
37 17
36 16
35 16
34 16
33 16
End points for frame 92
Begin points for frame 93
32 16
31 17
30 17
29 18
28 19
28 20
27 21
26 21
25 22
24 22
23 23
22 24
22 25
22 26
21 27
20 26
20 25
19 25
18 25
17 26
17 27
17 28
17 29
18 30
19 31
20 31
21 32
22 32
23 33
24 33
25 33
26 33
27 33
28 33
29 33
30 33
31 33
32 33
33 33
34 33
35 33
36 32
37 32
38 32
39 32
40 32
41 32
42 32
42 31
43 30
43 29
42 28
42 27
42 26
41 25
41 24
40 23
40 22
40 21
40 20
39 19
39 18
38 17
37 17
36 16
35 16
34 16
33 16
End points for frame 93
Begin points for frame 94
33 16
32 17
31 17
30 17
29 18
28 19
28 20
27 21
26 21
25 22
24 22
23 23
22 24
22 25
22 26
21 27
20 26
20 25
19 25
18 25
17 26
17 27
17 28
17 29
18 30
19 31
20 31
21 32
22 32
23 33
24 33
25 33
26 33
27 33
28 33
29 33
30 33
31 33
32 33
33 33
34 33
35 33
36 32
37 32
38 32
39 32
40 32
41 32
42 31
43 31
43 30
43 29
42 28
42 27
42 26
41 25
41 24
40 23
40 22
40 21
40 20
39 19
38 18
38 17
37 17
36 16
35 16
34 16
End points for frame 94
Begin points for frame 95
33 16
32 17
31 17
30 17
29 18
28 19
28 20
27 21
26 21
25 22
24 22
24 23
23 24
22 25
22 26
21 27
20 26
20 25
19 25
18 25
17 26
17 27
17 28
17 29
18 30
19 31
20 31
21 32
22 32
23 33
24 33
25 33
26 33
27 33
28 33
29 33
30 33
31 33
32 33
33 33
34 33
35 33
36 32
37 32
38 32
39 32
40 32
41 32
42 31
43 31
43 30
43 29
42 28
42 27
42 26
41 25
41 24
40 23
40 22
40 21
40 20
39 19
38 18
37 17
36 16
35 16
34 16
End points for frame 95
Begin points for frame 96
34 16
33 17
32 17
31 17
30 18
29 19
28 20
27 21
26 21
26 22
25 23
24 23
23 24
22 25
22 26
21 27
20 26
19 25
18 25
18 26
17 27
17 28
17 29
18 30
19 31
20 31
21 32
22 32
23 33
24 33
25 33
26 33
27 33
28 33
29 33
30 33
31 33
32 33
33 33
34 33
35 33
36 32
37 32
38 32
39 32
40 32
41 32
42 31
43 31
43 30
43 29
42 28
42 27
42 26
42 25
41 24
40 23
40 22
40 21
40 20
39 19
38 18
38 17
37 17
36 16
35 16
End points for frame 96
Begin points for frame 97
35 16
34 17
33 17
32 17
31 17
30 18
29 19
28 20
27 21
26 21
26 22
25 23
24 23
23 24
22 25
21 26
20 26
19 25
18 25
17 26
17 27
17 28
17 29
18 30
19 31
20 31
21 32
22 32
23 33
24 33
25 33
26 33
27 33
28 33
29 33
30 33
31 33
32 33
33 33
34 33
35 33
36 32
37 32
38 32
39 32
40 32
41 32
42 31
43 31
43 30
43 29
42 28
42 27
42 26
42 25
41 24
40 23
40 22
40 21
40 20
39 19
38 18
37 17
36 17
End points for frame 97
Begin points for frame 98
35 16
34 17
33 17
32 17
31 17
30 18
29 19
28 20
27 21
26 22
25 23
24 23
23 24
23 25
22 26
21 26
20 26
19 25
18 25
17 26
17 27
17 28
17 29
18 30
19 31
20 31
21 32
22 32
23 33
24 33
25 33
26 33
27 33
28 33
29 33
30 33
31 33
32 33
33 33
34 33
35 33
36 32
37 32
38 32
39 32
40 32
41 32
42 31
43 31
42 30
43 29
42 28
42 27
42 26
42 25
41 24
40 23
40 22
40 21
40 20
39 19
38 18
37 17
36 17
End points for frame 98
Begin points for frame 99
31 17
30 18
29 19
28 20
27 21
26 22
25 23
24 23
23 24
23 25
22 26
21 26
20 26
19 25
18 25
17 26
17 27
17 28
17 29
18 30
19 31
20 31
21 32
22 32
23 33
24 33
25 33
26 33
27 33
28 33
29 33
30 33
31 33
32 33
33 33
34 33
35 33
36 32
37 32
38 32
39 32
40 32
41 32
42 31
43 31
42 30
42 29
42 28
42 27
42 26
42 25
41 24
40 23
40 22
40 21
40 20
39 19
38 18
37 17
36 17
35 17
34 17
33 17
32 17
End points for frame 99
Begin points for frame 100
31 17
30 18
29 19
28 20
27 21
26 22
25 23
24 23
23 24
23 25
22 26
21 26
20 26
19 25
18 25
17 26
17 27
17 28
17 29
18 30
19 31
20 31
21 32
22 32
23 33
24 33
25 33
26 33
27 33
28 33
29 33
30 33
31 33
32 33
33 33
34 33
35 33
36 32
37 32
38 32
39 32
40 32
41 32
42 31
43 31
42 30
42 29
42 28
42 27
42 26
42 25
41 24
40 23
40 22
40 21
40 20
39 19
38 18
37 17
36 17
35 17
34 17
33 17
32 17
End points for frame 100
Begin points for frame 101
32 17
31 18
30 18
29 19
28 20
27 21
26 22
25 23
24 23
23 24
23 25
22 26
21 27
20 26
19 25
18 25
17 26
17 27
17 28
17 29
18 30
19 31
20 31
21 32
22 32
23 33
24 33
25 33
26 33
27 33
28 33
29 33
30 33
31 33
32 33
33 33
34 33
35 33
36 32
37 32
38 32
39 32
40 32
41 32
42 31
43 31
42 30
42 29
42 28
42 27
42 26
42 25
41 24
41 23
40 22
40 21
40 20
40 19
39 19
38 18
37 18
36 17
35 17
34 17
33 17
End points for frame 101
Begin points for frame 102
32 17
31 18
30 18
29 19
28 20
27 21
26 22
25 23
24 23
23 24
23 25
22 26
21 26
20 26
19 25
18 25
17 26
17 27
17 28
17 29
18 30
19 31
20 31
21 32
22 32
23 33
24 33
25 33
26 33
27 33
28 33
29 33
30 33
31 33
32 33
33 33
34 33
35 33
36 32
37 32
38 32
39 32
40 32
41 32
42 31
43 31
42 30
42 29
42 28
42 27
42 26
42 25
41 24
41 23
40 22
40 21
40 20
39 19
38 18
37 18
36 17
35 17
34 17
33 17
End points for frame 102
Begin points for frame 103
32 17
31 18
30 18
29 19
28 20
27 21
26 22
25 22
24 23
23 23
23 24
23 25
22 26
21 27
20 26
19 25
18 25
17 26
17 27
17 28
17 29
18 30
19 31
20 31
21 32
22 32
23 33
24 33
25 33
26 33
27 33
28 33
29 33
30 33
31 33
32 33
33 33
34 33
35 33
36 32
37 32
38 32
39 32
40 32
41 32
42 31
42 30
42 29
42 28
42 27
42 26
42 25
41 24
41 23
40 22
40 21
40 20
39 19
38 18
37 18
36 17
35 17
34 17
33 17
End points for frame 103
Begin points for frame 104
32 17
31 18
30 19
29 19
28 20
27 21
26 21
25 22
24 22
23 23
23 24
23 25
22 26
21 27
20 26
19 25
18 25
17 26
16 27
17 28
17 29
18 30
19 31
20 31
21 32
22 32
23 33
24 33
25 33
26 33
27 33
28 33
29 33
30 33
31 33
32 33
33 33
34 33
35 33
36 32
37 32
38 32
39 32
40 32
41 32
42 31
42 30
42 29
42 28
42 27
42 26
42 25
41 24
41 23
40 22
40 21
40 20
39 19
38 18
37 17
36 17
35 17
34 17
33 17
End points for frame 104
Begin points for frame 105
32 17
31 18
30 19
29 19
28 20
27 20
26 21
25 21
24 22
23 23
23 24
23 25
22 26
21 27
20 26
19 25
18 25
17 25
17 26
16 27
17 28
17 29
18 30
19 31
20 31
21 32
22 32
23 33
24 33
25 33
26 33
27 33
28 33
29 33
30 33
31 33
32 33
33 33
34 33
35 33
36 32
37 32
38 32
39 32
40 32
41 32
42 31
42 30
42 29
42 28
42 27
42 26
42 25
41 24
41 23
40 22
39 21
40 20
39 19
38 18
37 18
36 17
35 17
34 17
33 17
End points for frame 105
Begin points for frame 106
31 17
31 18
30 19
29 19
28 20
27 20
26 21
25 21
24 22
23 23
23 24
23 25
22 26
21 27
20 26
19 25
18 25
17 25
17 26
16 27
17 28
17 29
18 30
19 31
20 31
21 32
22 32
23 33
24 33
25 33
26 33
27 33
28 33
29 33
30 33
31 33
32 33
33 33
34 33
35 33
36 32
37 32
38 32
39 32
40 32
41 32
42 31
42 30
42 29
42 28
42 27
42 26
42 25
41 24
41 23
40 22
39 21
40 20
39 19
38 18
37 18
36 17
35 17
34 17
33 17
32 17
End points for frame 106
Begin points for frame 107
31 17
30 18
29 19
28 19
27 20
26 20
25 21
24 21
24 22
23 23
23 24
23 25
22 26
21 26
20 26
19 25
18 25
17 25
16 26
16 27
16 28
17 29
18 30
19 31
20 31
21 32
22 32
23 33
24 33
25 33
26 33
27 33
28 33
29 33
30 33
31 33
32 33
33 33
34 33
35 33
36 32
37 32
38 32
39 32
40 32
41 32
42 31
42 30
42 29
42 28
42 27
42 26
41 25
41 24
40 23
40 22
39 21
40 20
39 19
38 18
37 18
36 17
35 17
34 17
33 17
32 17
End points for frame 107
Begin points for frame 108
27 13
26 14
25 14
24 14
23 14
22 14
21 15
20 15
19 15
18 15
17 15
16 16
15 16
15 17
15 18
15 19
16 19
17 20
18 19
19 19
20 19
21 19
22 19
23 20
24 21
23 22
23 23
23 24
23 25
22 26
21 26
20 26
19 25
18 25
17 25
16 26
16 27
16 28
17 29
18 30
19 31
20 31
21 32
22 32
23 33
24 33
25 33
26 33
27 33
28 33
29 33
30 33
31 33
32 33
33 33
34 33
35 33
36 32
37 32
38 32
39 32
40 32
41 32
42 31
42 30
42 29
42 28
42 27
42 26
41 25
41 24
40 23
39 22
39 21
39 20
39 19
38 18
37 18
36 17
35 17
34 17
33 16
32 17
31 17
30 18
29 18
28 19
27 20
26 20
25 19
25 18
25 17
26 16
26 15
27 14
28 13
End points for frame 108
Begin points for frame 109
27 13
26 14
25 14
24 14
23 14
22 14
21 15
20 15
19 15
18 15
17 15
16 16
15 16
15 17
15 18
15 19
16 19
17 20
18 19
19 19
20 19
21 19
22 19
23 20
24 21
23 22
22 23
23 24
23 25
22 26
21 26
20 26
19 25
18 25
17 25
16 26
16 27
16 28
17 29
18 30
19 31
20 31
21 32
22 32
23 33
24 33
25 33
26 33
27 33
28 33
29 33
30 33
31 33
32 33
33 33
34 33
35 33
36 32
37 32
38 32
39 32
40 32
41 31
42 30
42 29
42 28
42 27
42 26
41 25
41 24
40 23
39 22
39 21
39 20
39 19
38 18
37 18
36 17
35 17
34 17
33 16
32 17
31 17
30 18
29 18
28 19
27 19
26 19
25 18
25 17
26 16
26 15
27 14
28 13
End points for frame 109
Begin points for frame 110
27 13
26 14
25 14
24 14
23 14
22 14
21 15
20 15
19 15
18 15
17 15
16 16
15 16
15 17
15 18
15 19
16 20
17 20
18 19
19 19
20 19
21 19
22 20
23 21
23 22
22 23
22 24
23 25
22 26
21 26
20 26
19 25
18 25
17 25
16 26
16 27
16 28
17 29
17 30
18 30
19 31
20 31
21 32
22 32
23 33
24 33
25 33
26 33
27 33
28 33
29 33
30 33
31 33
32 33
33 33
34 33
35 33
36 32
37 32
38 32
39 32
40 32
41 31
42 30
42 29
42 28
42 27
42 26
41 25
41 24
40 23
39 22
39 21
39 20
39 19
38 18
37 17
36 17
35 16
34 16
33 16
32 17
31 17
30 17
29 18
28 18
27 17
26 18
25 17
25 16
26 15
27 14
28 13
End points for frame 110
Begin points for frame 111
27 13
26 14
25 14
24 14
23 14
22 14
21 15
20 15
19 15
18 15
17 15
16 16
15 16
15 17
15 18
15 19
16 20
17 20
18 19
19 19
20 19
21 19
22 20
22 21
22 22
22 23
22 24
23 25
22 26
21 26
20 26
19 25
18 25
17 25
16 26
16 27
16 28
17 29
18 30
19 31
20 31
21 32
22 32
23 33
24 33
25 33
26 33
27 33
28 33
29 33
30 33
31 33
32 33
33 33
34 33
35 33
36 32
37 32
38 32
39 32
40 32
41 31
42 30
42 29
42 28
42 27
41 26
41 25
40 24
40 23
39 22
39 21
39 20
39 19
38 18
37 17
36 17
35 16
34 16
33 16
32 17
31 17
30 17
29 17
28 18
27 17
26 16
26 15
27 14
28 13
End points for frame 111
Begin points for frame 112
27 13
26 14
25 14
24 14
23 14
22 14
21 15
20 15
19 15
18 15
17 15
16 16
15 16
15 17
14 18
15 19
16 20
17 20
18 19
19 19
20 19
21 19
22 20
22 21
22 22
22 23
22 24
23 25
22 26
21 26
20 26
19 25
18 24
17 25
16 25
16 26
16 27
16 28
17 29
18 30
19 31
20 31
21 32
22 32
23 33
24 33
25 33
26 33
27 33
28 33
29 33
30 33
31 33
32 33
33 33
34 33
35 33
36 32
37 32
38 32
39 32
40 32
40 31
41 30
42 29
42 28
41 27
41 26
41 25
41 24
40 23
39 22
39 21
39 20
39 19
38 18
37 17
36 17
35 16
34 16
33 16
32 16
31 16
30 17
29 17
28 18
27 17
26 18
25 17
25 16
26 15
27 14
28 13
End points for frame 112
Begin points for frame 113
27 13
26 14
25 14
24 14
23 14
22 14
21 15
20 15
19 15
18 15
17 15
16 16
15 16
15 17
14 18
15 19
16 20
17 20
18 20
19 19
20 19
21 19
22 20
21 21
21 22
22 23
22 24
23 25
22 26
21 26
20 26
19 25
18 24
17 25
16 25
16 26
16 27
16 28
16 29
17 30
18 30
19 31
20 31
21 32
22 32
23 33
24 33
25 33
26 33
27 33
28 33
29 33
30 33
31 33
32 33
33 33
34 33
35 33
36 32
37 32
38 32
39 32
40 32
40 31
41 30
41 29
41 28
41 27
41 26
41 25
40 24
40 23
39 22
39 21
39 20
39 19
38 18
37 17
36 17
35 16
34 16
33 16
32 16
31 16
30 16
29 17
28 18
27 17
26 16
26 15
27 14
28 13
End points for frame 113
Begin points for frame 114
27 13
26 14
25 14
24 14
23 14
22 14
21 15
20 15
19 15
18 15
17 15
16 16
15 16
15 17
14 18
15 19
16 20
17 20
18 20
19 20
20 20
21 21
21 22
22 23
22 24
23 25
22 26
21 26
20 26
19 25
18 24
17 24
16 25
16 26
16 27
16 28
16 29
17 30
18 30
19 31
20 31
21 32
22 32
23 33
24 33
25 33
26 33
27 33
28 33
29 33
30 33
31 33
32 33
33 33
34 33
35 33
36 32
37 32
38 32
39 32
40 32
41 32
40 31
41 30
41 29
41 28
41 27
41 26
41 25
41 24
40 23
39 22
39 21
39 20
39 19
38 18
37 17
36 16
35 16
34 16
33 16
32 16
31 16
30 16
29 17
28 18
27 17
26 18
25 17
25 16
26 15
27 14
28 13
End points for frame 114
Begin points for frame 115
27 13
26 14
25 14
24 14
23 14
22 14
21 15
20 15
19 15
18 15
17 15
16 16
15 16
15 17
14 18
15 19
15 20
16 20
17 20
18 20
19 19
20 20
21 21
21 22
22 23
22 24
23 25
22 26
21 26
20 26
19 25
18 24
17 24
16 25
16 26
16 27
16 28
17 29
17 30
18 30
19 31
20 31
21 32
22 32
23 33
24 33
25 33
26 33
27 33
28 33
29 33
30 33
31 33
32 33
33 33
34 33
35 33
36 32
37 32
38 32
39 32
40 32
41 32
40 31
40 30
41 29
41 28
41 27
41 26
41 25
41 24
40 23
40 22
39 21
39 20
39 19
38 18
37 17
36 16
35 16
34 16
33 16
32 16
31 16
30 16
29 17
28 18
27 17
26 18
25 17
25 16
26 15
27 14
28 13
End points for frame 115
Begin points for frame 116
27 13
26 14
25 14
24 14
23 14
22 14
21 15
20 15
19 15
18 15
17 15
16 16
15 16
15 17
14 18
14 19
15 20
16 20
17 20
18 20
19 20
20 20
21 21
21 22
22 23
22 24
23 25
22 26
21 26
20 26
19 25
18 24
17 24
16 25
15 26
16 27
16 28
17 29
18 30
19 31
20 31
21 32
22 32
23 33
24 33
25 33
26 33
27 33
28 33
29 33
30 33
31 33
32 33
33 33
34 33
35 33
36 32
37 32
38 32
39 32
40 32
41 32
40 31
40 30
40 29
41 28
41 27
41 26
40 25
41 24
40 23
40 22
39 21
39 20
39 19
38 18
37 17
36 16
35 16
34 16
33 16
32 16
31 16
30 16
29 17
28 17
27 17
26 18
25 17
25 16
26 15
27 14
28 13
End points for frame 116
Begin points for frame 117
27 13
26 14
25 14
24 14
23 14
22 14
21 15
20 15
19 15
18 15
17 15
16 16
15 16
15 17
14 18
14 19
15 20
16 20
17 20
18 20
19 20
20 20
21 21
21 22
21 23
22 24
22 25
21 26
20 26
19 25
18 24
17 24
16 25
15 26
16 27
16 28
16 29
17 29
18 30
19 31
20 31
21 32
22 32
23 33
24 33
25 33
26 33
27 33
28 33
29 33
30 33
31 33
32 33
33 33
34 33
35 33
36 32
37 32
38 32
39 32
40 32
41 32
40 31
39 30
40 29
40 28
41 27
41 26
40 25
41 24
40 23
40 22
39 21
39 20
39 19
38 18
38 17
37 17
36 16
35 16
34 16
33 15
32 16
31 16
30 16
29 17
28 17
27 17
26 18
25 17
25 16
26 15
27 14
28 13
End points for frame 117
Begin points for frame 118
27 13
26 14
25 14
24 14
23 14
22 14
21 15
20 15
19 15
18 15
17 15
16 16
15 16
15 17
14 18
14 19
15 20
16 20
17 20
18 21
19 20
20 20
21 20
22 21
21 22
21 23
22 24
22 25
21 26
20 26
19 25
18 24
17 24
16 24
15 25
15 26
15 27
16 28
16 29
17 29
18 30
19 31
20 31
21 32
22 32
23 33
24 33
25 33
26 33
27 33
28 33
29 33
30 33
31 33
32 33
33 33
34 33
35 33
36 32
37 32
38 32
39 32
40 32
41 32
40 31
39 30
40 29
40 28
41 27
41 26
40 25
41 24
40 23
40 22
40 21
39 20
39 19
38 18
38 17
37 17
36 16
35 16
34 16
33 15
32 16
31 16
30 16
29 17
28 18
27 17
26 18
25 17
25 16
26 15
27 14
28 13
End points for frame 118
Begin points for frame 119
27 13
26 14
25 14
24 14
23 14
22 14
21 15
20 15
19 15
18 15
17 15
16 16
15 16
14 17
14 18
14 19
15 20
16 20
17 20
18 21
19 20
20 20
21 20
22 21
21 22
22 23
22 24
22 25
21 26
20 26
19 25
19 24
18 24
17 24
16 24
15 25
15 26
15 27
16 28
16 29
17 29
18 30
19 31
20 31
21 32
22 32
23 33
24 33
25 33
26 33
27 33
28 33
29 33
30 33
31 33
32 33
33 33
34 33
35 33
36 32
37 32
38 32
39 32
40 32
41 32
40 31
39 30
40 29
40 28
41 27
41 26
40 25
41 24
40 23
40 22
40 21
39 20
39 19
39 18
38 17
37 16
36 16
35 16
34 15
33 16
32 15
31 16
30 16
29 17
28 18
27 17
26 18
25 17
25 16
26 15
27 14
28 13
End points for frame 119
Begin points for frame 120
27 13
26 14
25 14
24 14
23 14
22 14
21 15
20 15
19 15
18 15
17 15
16 16
15 16
14 16
14 17
14 18
14 19
14 20
15 20
16 20
17 21
18 21
19 20
20 20
21 20
22 21
21 22
22 23
22 24
22 25
21 26
20 26
19 25
18 24
17 24
16 24
15 25
15 26
15 27
16 28
16 29
17 29
18 30
19 31
20 31
21 32
22 32
23 33
24 33
25 33
26 33
27 33
28 33
29 33
30 33
31 33
32 33
33 33
34 33
35 33
36 32
37 32
38 32
39 32
40 32
41 32
42 32
42 31
41 31
40 31
39 30
40 29
40 28
41 27
41 26
41 25
41 24
40 23
40 22
40 21
40 20
39 19
39 18
38 17
37 16
36 16
35 15
34 15
33 15
32 15
31 16
30 16
29 17
28 18
27 17
26 17
25 16
25 15
26 14
27 14
28 13
End points for frame 120
Begin points for frame 121
27 13
26 14
25 14
24 14
23 14
22 14
21 15
20 15
19 15
18 15
17 15
16 16
15 16
14 16
14 17
14 18
14 19
14 20
15 20
16 21
17 21
18 21
19 20
20 20
21 19
22 20
23 21
22 22
21 22
22 23
22 24
23 25
22 26
21 26
20 25
19 25
18 24
17 24
16 24
15 25
15 26
15 27
16 28
16 29
17 29
18 30
19 31
20 31
21 32
22 32
23 33
24 33
25 33
26 33
27 33
28 33
29 33
30 33
31 33
32 33
33 33
34 33
35 33
36 32
37 32
38 32
39 32
40 32
41 32
42 32
42 31
41 31
40 31
39 30
40 29
40 28
41 27
41 26
41 25
41 24
41 23
40 22
40 21
40 20
39 19
39 18
38 17
37 16
36 16
35 15
34 15
33 15
32 15
31 16
30 16
29 17
28 18
27 18
26 18
25 17
25 16
25 15
26 14
27 14
28 13
End points for frame 121
Begin points for frame 122
27 13
26 14
25 14
24 14
23 14
22 14
21 15
20 15
19 15
18 15
17 15
16 16
15 16
14 16
14 17
14 18
14 19
14 20
15 20
16 21
17 21
18 21
19 20
20 20
21 19
22 20
23 21
23 22
22 23
22 24
23 25
22 26
21 26
20 25
19 24
18 24
17 24
16 24
15 25
15 26
15 27
16 28
16 29
17 29
18 30
19 31
20 31
21 32
22 32
23 33
24 33
25 33
26 33
27 33
28 33
29 33
30 33
31 33
32 33
33 33
34 33
35 33
36 32
37 32
38 32
39 32
40 32
41 32
42 32
42 31
41 31
40 30
40 29
41 28
41 27
41 26
41 25
41 24
41 23
41 22
40 21
40 20
40 19
39 18
38 17
37 16
36 16
35 15
34 15
33 16
32 15
31 16
30 17
29 17
28 18
27 18
26 17
25 16
26 15
27 14
28 13
End points for frame 122
Begin points for frame 123
27 13
26 14
25 14
24 14
23 14
22 14
21 15
20 15
19 15
18 15
17 15
16 16
15 16
14 16
14 17
14 18
14 19
14 20
15 21
16 21
17 21
18 21
19 20
20 19
21 19
22 20
23 21
23 22
22 23
23 24
23 25
22 26
21 26
20 25
19 25
18 24
17 24
16 24
15 25
15 26
15 27
16 28
16 29
17 29
18 30
19 31
20 31
21 32
22 32
23 33
24 33
25 33
26 33
27 33
28 33
29 33
30 33
31 33
32 33
33 33
34 33
35 33
36 32
37 32
38 32
39 32
40 32
41 32
42 32
42 31
41 30
41 29
41 28
42 27
41 26
41 25
42 24
41 23
41 22
41 21
41 20
40 19
39 18
39 17
38 16
37 16
36 16
35 15
34 15
33 16
32 15
31 16
30 17
29 17
28 18
27 19
26 19
25 18
25 17
25 16
26 15
27 14
28 13
End points for frame 123
Begin points for frame 124
27 13
26 14
25 14
24 14
23 14
22 14
21 15
20 15
19 15
18 15
17 15
16 16
15 16
14 16
14 17
14 18
14 19
14 20
15 21
16 21
17 21
18 21
19 21
19 20
20 19
21 19
22 19
23 20
23 21
23 22
23 23
23 24
23 25
22 26
21 26
20 25
19 24
18 24
17 24
16 23
16 24
15 25
15 26
15 27
16 28
16 29
17 29
18 30
19 31
20 31
21 32
22 32
23 33
24 33
25 33
26 33
27 33
28 33
29 33
30 33
31 33
32 33
33 33
34 33
35 33
36 32
37 32
38 32
39 32
40 32
41 32
42 32
43 31
42 30
42 29
42 28
42 27
42 26
42 25
42 24
41 23
41 22
41 21
41 20
40 19
39 18
39 17
38 16
37 16
36 16
35 16
34 15
33 16
32 16
31 16
30 17
29 18
28 19
27 19
26 20
25 20
24 19
25 18
25 17
26 16
26 15
27 14
28 13
End points for frame 124
Begin points for frame 125
27 13
26 14
25 14
24 14
23 14
22 14
21 15
20 15
19 15
18 15
17 15
16 16
15 16
14 16
14 17
14 18
14 19
14 20
14 21
15 21
16 22
16 23
15 24
15 25
15 26
15 27
16 28
16 29
17 29
18 30
19 31
20 31
21 32
22 32
23 33
24 33
25 33
26 33
27 33
28 33
29 33
30 33
31 33
32 33
33 33
34 33
35 33
36 32
37 32
38 32
39 32
40 32
41 32
42 32
43 31
42 30
42 29
42 28
42 27
43 26
42 25
42 24
42 23
42 22
41 21
41 20
40 19
40 18
39 17
38 16
37 16
36 16
35 16
34 16
33 16
32 16
31 17
30 18
29 18
28 19
27 20
26 20
25 21
24 20
24 19
25 18
26 17
27 16
26 15
27 14
28 13
End points for frame 125
